33 625 271 9.43398
34 625 271 9.05539
35 625 269 8.60233
36 627 269 9.48683
37 627 269 9.84886
38 627 269 8.60233
39 629 269 8.60233
40 631 269 9.43398
41 631 269 9.21954
42 631 271 8.94427
43 629 271 9.21954
44 631 271 10.0499
45 631 273 9.21954
46 629 273 9.48683
47 629 275 9.84886
48 629 275 10.2956
49 629 277 10.0499
50 627 277 10.0499
51 627 279 10.2956
52 627 279 9.84886
53 629 285 6.40312
54 623 281 10.4403
55 623 283 10.0499
56 623 285 9.84886
57 621 285 10.198
58 621 287 10.6301
59 619 289 10.6301
60 619 289 10.6301
61 619 293 10.6301
62 617 295 11.1803
63 613 293 8.24621
64 615 295 11.1803
65 615 297 10.4403
66 611 299 10.0499
67 611 299 10.2956
68 609 301 10.0499
69 609 303 10.4403
70 607 303 10.0499
71 607 305 10.2956
72 605 307 10.198
73 605 309 10.7703
74 605 311 12.3693
75 601 311 10.0499
76 601 313 10.6301
77 601 313 10.8167
78 599 315 12.1655
79 597 319 10.2956
80 601 319 10.0499
81 595 321 12.7279
82 593 325 11.1803
83 591 327 12.6491
84 587 331 10.6301
85 587 333 12.0416
86 585 335 12.53
87 583 339 13.4164
88 577 341 10.2956
89 577 345 12.6491
90 577 347 12.6491
91 573 351 14
92 575 351 10.2956
93 573 353 10.6301
94 571 353 10.198
95 569 357 10.7703
97 561 363 13
98 557 369 10
99 561 369 11.1803
101 557 373 10.2956
103 553 381 11.1803
104 551 383 10.8167
105 549 387 12.2066
106 547 391 13
107 545 395 11.1803
108 543 399 13.4536
109 533 399 10.198
110 537 407 9.21954
111 529 405 10.198
112 531 411 14.7648
113 529 413 13.6015
114 529 413 12.53
115 525 415 14.1421
117 521 421 13.0384
118 513 425 14.1421
119 515 425 13.6015
120 513 425 14.3178
121 509 433 16.1245
122 509 433 14.1421
123 505 431 13.6015
124 505 435 13.6015
125 505 439 12.6491
126 495 439 10.0499
127 493 441 12.2066
128 501 447 9.21954
130 489 447 11.1803
131 493 451 13.4536
132 495 451 10.6301
133 495 451 9.48683
134 487 457 17.2047
135 485 459 18.0278
136 485 459 17.4642
137 481 457 12.8062
138 485 461 17
139 483 463 17.2047
140 483 463 16.5529
141 475 459 8.60233
142 483 465 18.3848
143 483 463 16.1245
144 489 463 13.1529
145 483 465 16.2788
146 483 467 17.0294
147 491 467 10.198
148 487 467 14.1421
149 493 469 10.0499
150 487 465 13.6015
151 489 469 16.0312
152 491 469 15.6525
153 491 463 14.3178
154 499 467 12.2066
155 497 463 14.1421
156 495 463 17.6918
157 497 461 17.1172
158 501 459 14.0357
159 497 457 18.2483
160 501 453 16.4924
161 501 449 14.2127
162 501 451 16.1245
163 507 449 10.4403
164 505 443 13.0384
165 499 441 18.2483
166 499 435 16.5529
167 501 431 16.7631
168 499 429 17
169 499 431 14.5602
170 499 425 16.2788
171 499 421 16
172 493 419 15.2971
173 493 415 16.4012
174 489 409 15.2643
175 489 405 17.8045
176 483 403 13.4536
177 487 401 14.4222
178 481 399 17.6918
179 475 393 13.4536
180 469 391 10.6301
181 475 385 15.2643
182 471 387 18.3848
183 471 385 16.1245
184 467 379 18.4391
185 467 383 13.0384
186 461 383 12.8062
187 457 377 18.0278
188 455 379 15.2643
189 451 379 16.1245
190 447 379 17.0294
191 441 383 13
192 439 381 14.8661
193 433 381 13.6015
194 433 385 15.0333
195 427 383 14.1421
196 427 381 13.0384
361 321 295 11.1803
362 323 293 10.4403
363 325 293 9.8995
364 327 293 9.48683
365 329 291 10.0499
366 329 287 10.2956
367 333 285 8.06226
368 333 287 10.7703
369 335 287 10.0499
370 335 285 10.4403
371 333 283 10
372 333 281 8.24621
373 337 281 10.4403
374 337 281 10.6301
375 337 281 10.198
376 339 277 10.2956
377 341 275 10.198
378 341 277 11.4018
379 341 273 10.0499
380 341 273 10.4403
381 341 271 10.2956
382 339 271 9.84886
383 341 271 11.4018
384 343 271 10
385 343 267 10.0499
386 343 267 10.2956
387 341 267 10.0499
388 343 265 12.083
389 345 265 11
390 345 265 12.083
391 345 265 9.48683
392 349 267 10.4403
393 351 267 12.3693
394 351 267 10.6301
395 351 265 10.7703
396 351 265 9.84886
397 357 267 9.05539
398 357 263 10.7703
399 355 263 10.198
400 355 263 9.8995
401 361 263 10.4403
402 361 263 10
403 361 259 12.6491
404 367 261 7.28011
405 365 257 10
406 367 253 10.198
407 369 251 10.0499
408 371 249 9.43398
409 371 243 12.083
410 373 243 10.6301
411 371 237 14.0357
412 375 235 12.3693
413 379 233 10.6301
414 373 231 10.0499
415 377 225 12.3693
416 381 225 13.3417
417 383 221 12.53
418 383 219 12.083
419 387 215 10.6301
420 389 213 11.1803
421 391 211 10.8167
422 393 209 12.7279
423 395 211 13.6015
424 397 209 13.6015
425 403 207 9.21954
426 401 205 13
427 403 203 13.6015
428 407 201 13
429 409 205 14.8661
430 415 201 13.4536
431 421 203 16.2788
432 429 197 9.48683
433 431 195 12.3693
434 431 195 11.1803
435 441 195 10.7703
436 449 195 11.1803
437 449 189 13.4164
438 455 191 14.1421
439 461 189 13.0384
440 465 187 13.3417
441 469 189 9.43398
442 473 185 12.6491
443 481 183 11.1803
444 483 183 12.2066
445 487 179 10.6301
446 489 181 10.2956
447 493 177 12.1655
448 497 177 12.1655
449 499 177 10.6301
450 503 175 9.8995
451 509 175 11.0454
452 511 175 11.4018
453 513 173 12.2066
454 517 173 10.7703
455 519 173 11
456 521 175 8.48528
457 527 175 6.7082
458 525 171 10.8167
459 527 169 10.2956
460 529 169 10.6301
461 529 167 10.198
462 529 167 10.198
463 533 169 9.43398
464 531 167 10
465 535 167 9.05539
466 535 167 11.1803
467 537 167 8.94427
468 535 167 11.4018
469 537 167 10
470 537 167 10.198
471 539 167 10
472 537 169 8.06226
473 541 167 10.8167
474 543 167 9.48683
475 545 167 8.94427
476 547 169 9.43398
477 543 167 7.61577
478 549 169 10.8167
479 553 169 8.60233
480 553 169 10.0499
481 555 167 10.2956
482 557 167 9.43398
483 559 167 9.84886
484 559 165 9.84886
485 561 165 9.21954
486 563 165 10.7703
487 563 163 8.60233
488 565 163 9.43398
489 567 163 9.8995
490 567 163 9.84886
491 567 165 11.7047
492 569 163 9.84886
493 569 163 9.43398
494 571 165 10
495 569 165 10.2956
496 569 165 9.43398
497 569 165 10
498 571 167 10.0499
499 569 167 10.198
500 567 167 9.21954
501 567 167 9.8995
502 567 169 9.84886
503 565 169 9.8995
504 565 171 9.48683
505 563 173 11.0454
506 561 173 9.21954
507 561 175 10
508 559 177 10.198
509 557 179 9.48683
510 557 181 9.8995
511 555 181 10
512 553 183 10.0499
513 551 185 9.43398
514 549 185 9.84886
515 547 187 9.43398
516 545 185 10
517 543 187 10.4403
518 545 189 10.2956
519 543 189 10
520 543 191 9.8995
521 543 189 10
522 541 189 10
523 537 189 9.43398
524 537 189 10.0499
525 535 189 9.21954
526 537 191 11.6619
527 539 189 10.6301
528 537 191 11
529 539 187 6.40312
530 535 191 11.4018
531 535 191 11.4018
532 535 191 10
533 535 191 10.4403
534 535 191 10.2956
535 531 189 9.43398
536 533 191 11.6619
537 531 189 9.8995
538 531 191 10.0499
539 533 191 10.198
540 533 191 11.7047
541 531 193 11.4018
542 533 193 10.8167
543 533 193 11.1803
544 533 193 10.6301
545 535 195 8.94427
546 533 191 10.198
547 533 191 10
548 535 191 9.43398
549 535 191 10.8167
550 535 189 10.6301
551 535 189 9.21954
552 535 187 10.0499
553 537 187 10.4403
554 537 187 10.6301
555 537 185 10.2956
556 533 181 4.47214
557 537 185 10.198
558 543 189 5.38516
559 537 183 9.8995
560 539 183 10
561 539 183 10
562 541 185 8.94427
563 539 185 10.8167
564 537 183 10.0499
565 537 183 10.0499
566 535 183 9.84886
567 535 183 10.0499
568 537 183 10
569 533 183 9.8995
570 535 183 10
571 533 181 10
572 533 181 10.0499
573 533 181 10.198
574 527 177 7.07107
575 531 177 11.0454
576 531 175 10.7703
577 531 171 10.198
578 531 169 10.8167
579 529 167 9.21954
580 531 163 9.84886
581 533 161 9.43398
582 533 157 10.2956
583 531 155 9.43398
584 533 151 10
585 533 149 9.84886
586 533 145 10.0499
