105 265 381 8.94427
106 263 379 8
107 261 381 9.21954
108 257 383 5.83095
109 255 379 7.2111
110 253 379 7.2111
111 251 381 8.06226
112 249 379 8.544
113 245 379 7.07107
114 243 379 6.40312
115 241 377 7.2111
116 241 377 7.81025
117 241 377 7.61577
118 239 377 8.06226
119 239 377 6.08276
120 235 375 8.06226
121 233 371 8.06226
122 235 373 7.07107
123 231 373 7.07107
124 231 371 7.81025
125 229 371 7.28011
126 227 371 7
127 227 371 7.2111
128 227 369 7
130 221 369 7
131 223 367 6.32456
132 219 369 8.06226
133 217 369 7.2111
134 217 369 8.24621
136 215 369 9.21954
137 215 367 7.07107
138 213 369 6.7082
139 213 367 7.81025
140 211 367 6.7082
141 211 369 6.08276
142 213 367 6.08276
143 211 369 6.08276
144 211 367 7.28011
145 209 365 8.48528
146 209 365 7
148 209 367 7.2111
149 207 367 7.81025
150 207 369 9.21954
151 207 369 7
152 207 369 6.08276
153 205 367 7.81025
154 205 367 7.2111
155 203 365 7.81025
156 203 367 6.7082
157 203 367 6.08276
158 201 363 8.24621
159 201 363 8.06226
160 203 363 6.32456
161 203 359 7.28011
162 203 357 7.2111
163 205 357 6.7082
164 203 357 7.28011
165 205 353 7.07107
167 207 351 6.08276
168 205 349 8.06226
169 205 347 6
170 205 345 6.40312
171 207 345 5.83095
172 209 343 6.7082
173 209 339 5.38516
175 213 335 8.24621
176 213 333 5.38516
177 217 335 6.40312
179 223 327 8.06226
180 223 327 8.06226
181 227 327 7.2111
182 231 325 6.32456
183 233 325 6.32456
184 231 327 9.21954
185 233 327 6.32456
186 235 327 10
188 241 325 7.2111
189 241 323 9.43398
190 243 325 8.06226
191 243 327 10
192 245 325 8
193 247 327 7.28011
194 251 327 6.32456
195 253 329 6.08276
196 255 327 6.08276
197 255 329 7.2111
198 257 329 7.07107
199 257 327 7.28011
201 263 331 6.7082
202 265 329 6
203 267 331 6.7082
204 269 331 6.08276
205 271 331 6.32456
206 273 331 6.08276
207 275 331 6.40312
208 277 331 6.7082
209 279 333 5.65685
210 281 331 6.32456
211 283 331 5.83095
212 287 333 4.47214
213 287 331 6.7082
214 289 331 7.07107
215 291 331 6.40312
216 291 331 6.7082
218 295 329 6.40312
219 297 329 6.08276
220 297 331 5
221 301 329 6.08276
222 303 329 5.38516
223 305 325 3.60555
224 305 327 6.32456
225 307 327 6.32456
226 307 327 6.32456
227 309 327 6.32456
228 311 325 6.32456
229 313 325 5.38516
230 315 323 5
231 313 325 5
232 315 325 5.83095
233 317 323 6.08276
234 319 323 6.32456
235 319 321 5
236 319 321 6.32456
237 321 321 5.83095
239 323 319 6.7082
241 327 317 6.32456
242 329 315 5
243 329 315 5.38516
244 329 317 5.38516
245 331 317 4.47214
246 333 315 7.07107
247 333 315 5.38516
248 333 315 5.83095
249 335 311 5.65685
250 335 311 6.08276
251 335 313 5.09902
252 337 311 5.65685
253 339 313 6.7082
255 341 313 5.83095
256 341 311 5.09902
257 341 311 6
258 343 309 5.09902
259 345 313 4
260 347 309 5.65685
261 345 313 4.12311
262 347 309 4
263 347 313 4.12311
264 349 309 3.16228
265 347 311 6
266 349 307 3.16228
287 375 307 2.82843
288 377 307 3.60555
290 381 307 3
291 383 307 3.16228
292 385 307 3.16228
332 403 297 4
333 403 297 4.24264
334 401 297 5.38516
335 401 297 6.08276
336 401 299 6.40312
337 401 299 5.83095
338 401 299 5.83095
340 401 301 6
341 401 301 6.08276
342 401 301 5.65685
344 403 301 6.08276
345 403 303 6.40312
346 405 299 4.47214
348 405 303 6.7082
349 405 305 6.08276
350 405 303 4.47214
351 405 307 6.40312
352 407 305 7
353 407 307 6.7082
354 409 307 5.83095
355 409 309 6.08276
356 407 309 5.83095
357 409 309 6.40312
358 409 309 6.7082
359 407 311 5.38516
360 411 309 6.40312
361 413 309 6.40312
362 411 307 8.06226
363 415 309 6.08276
364 417 311 4.12311
365 415 307 6.08276
366 413 311 8.544
367 415 307 7.81025
368 417 307 7.07107
369 417 307 8.06226
370 419 309 7.28011
371 421 307 6.40312
372 419 307 7.81025
373 423 305 6
374 423 307 6.7082
375 425 305 8.24621
376 425 305 6.7082
377 423 303 9.21954
378 425 303 7.81025
379 425 303 8.24621
380 429 301 6.7082
382 431 301 7.2111
384 431 301 7.81025
385 433 299 7.61577
386 431 301 8.544
387 431 301 8.544
388 431 303 6.40312
389 433 301 7.61577
390 433 301 7.81025
391 433 299 7.61577
392 433 299 6
393 431 299 7
394 431 301 8.544
395 429 301 8.24621
396 429 299 8.06226
397 427 301 8.06226
398 425 301 7.81025
399 425 297 7.81025
400 423 299 7.2111
401 421 297 7.28011
403 419 293 6.32456
405 413 285 4
406 415 285 5.65685
407 413 283 5
408 413 287 2.82843
412 405 271 6.08276
413 405 271 7
415 405 271 3.60555
417 403 263 8.06226
418 401 261 8.06226
419 401 259 7.07107
420 399 257 8.60233
421 403 259 5
422 401 257 7.07107
423 401 255 7.2111
424 399 255 8
425 401 253 6.7082
426 401 255 7.28011
427 399 253 9.43398
428 401 255 9.21954
429 401 253 8.60233
430 401 253 8.60233
431 403 255 6.40312
432 403 253 10.0499
433 403 253 9.21954
434 405 253 10
435 405 253 9.21954
436 407 253 8.60233
437 407 253 9.84886
438 409 253 9.43398
439 411 255 9.8995
440 413 255 10
441 415 255 10.0499
442 417 255 10
443 419 257 9.21954
445 425 259 8.24621
447 431 257 10.198
448 433 257 10.2956
449 435 259 10.6301
450 439 259 10.7703
451 441 261 10.198
454 435 269 6.7082
459 443 279 18.7883
468 463 255 10.7703
471 471 249 10.8167
477 491 269 10.6301
478 491 269 10
479 491 269 9.48683
480 491 273 10.4403
481 493 271 12.8062
482 495 273 10.8167
483 495 271 11.4018
484 497 273 12.53
485 497 271 12.0416
486 497 273 10.8167
487 497 273 10.198
488 499 271 12.2066
489 499 273 10.7703
491 499 273 13.4536
492 499 273 13.1529
493 497 273 13.4164
494 495 273 10.8167
495 497 273 12.7279
496 495 275 12.8062
497 497 275 12.2066
498 495 275 12.7279
499 495 273 10.6301
500 495 277 13.1529
501 491 277 10.2956
503 495 281 10.198
504 495 279 12.1655
505 495 281 12.3693
506 495 285 10.6301
507 495 285 13.4536
508 495 287 13.6015
509 497 289 10.6301
510 497 291 10.8167
511 495 291 10.6301
512 499 293 12.6491
513 499 295 11
514 497 293 12.6491
515 499 295 12.0416
516 501 297 12.083
517 499 295 10.6301
518 497 297 12.0416
519 499 295 10.2956
521 499 299 10.2956
522 497 299 10.198
523 497 299 10.4403
524 493 297 10.8167
525 495 293 9.84886
526 493 295 13.0384
527 493 297 10.4403
528 493 297 10.198
529 493 293 10.4403
530 491 295 12.0416
531 493 297 9.21954
532 491 295 10.8167
533 489 293 11.1803
534 487 293 12.1655
535 489 295 10.7703
536 489 293 10.7703
537 489 293 12.3693
538 485 291 10.0499
539 485 291 10.0499
540 485 295 10.7703
541 485 297 10.198
542 485 297 10.2956
543 483 295 12.8062
544 485 297 10.6301
545 485 297 10.0499
546 485 297 10
547 485 297 10.2956
548 485 297 9.8995
550 485 293 12.0416
551 483 291 13.8924
552 485 291 12.6491
553 487 291 12.2066
554 489 291 10.6301
555 489 293 9.21954
557 491 289 10.4403
558 491 287 12.2066
559 491 289 12.8062
560 489 285 10.2956
561 491 287 12.53
562 489 285 10.4403
563 487 285 11.1803
564 489 287 10.6301
565 487 287 10.6301
567 485 285 10.2956
568 483 283 11.1803
569 481 281 10.0499
570 481 285 10.198
571 481 285 9.05539
573 479 279 10.4403
574 477 277 10.6301
575 477 275 12.2066
577 477 269 10.8167
578 477 265 11.1803
579 477 263 11.1803
581 479 257 12.6491
583 481 251 12.53
585 485 243 11
586 485 239 11.0454
587 485 235 10
588 487 237 11.0454
591 493 225 11.6619
592 495 225 13.8924
595 505 215 10.0499
596 507 213 10.4403
597 509 211 10.6301
599 513 205 10.2956
602 525 197 10.2956
604 531 195 12.2066
605 535 195 10.198
608 547 193 10
609 551 191 10.4403
610 555 189 11.7047
611 559 187 10.0499
612 561 191 9.8995
614 569 189 10.7703
615 571 191 9.43398
617 577 187 6.40312
619 585 191 10.0499
620 585 191 10.0499
621 589 191 10.2956
623 597 191 9.8995
624 601 189 10
625 603 191 8.24621
626 607 189 6.32456
627 607 193 8.60233
628 607 193 9.21954
629 609 193 9.21954
630 613 191 9.43398
631 611 195 7.2111
633 617 193 10.198
634 621 193 9.84886
635 625 195 8.06226
636 625 193 10.198
637 627 195 10.0499
638 629 195 10.0499
639 633 195 10.4403
640 635 195 8.60233
641 639 193 8.544
642 641 193 9.21954
643 641 193 10
645 647 191 10
646 651 191 10
647 653 191 10.0499
648 657 191 8.544
649 659 191 10
650 661 195 6.40312
653 671 187 6.08276
655 679 191 9.43398
656 681 191 10.4403
658 689 193 9.21954
659 693 191 9.84886
660 697 191 10.0499
661 701 191 10
662 703 191 10.198
663 707 193 8.94427
664 709 193 9.84886
665 713 191 8.24621
666 717 193 8.94427
667 719 193 9.21954
668 723 193 8.544
669 727 191 8.94427
670 729 191 8.94427
672 737 191 8.24621
673 741 193 7.28011
674 743 191 8.06226
675 745 191 9.21954
676 747 189 7.2111
677 749 193 10
678 753 191 10.198
679 755 191 8.48528
680 759 193 8.544
681 761 191 10
682 763 193 9.21954
683 765 195 8.48528
684 765 197 5.83095
685 767 197 6.32456
687 773 195 9.43398
688 775 195 9.21954
689 777 195 8.94427
690 777 195 9.8995
691 779 195 9.43398
692 779 195 8.48528
693 779 195 10.0499
694 781 195 9.48683
695 781 195 10.4403
696 783 195 9.84886
697 783 197 9.21954
698 785 197 9.21954
699 785 197 9.43398
