33 653 117 10.198
34 653 115 10
35 655 115 10.4403
36 655 113 10.6301
37 655 113 10.7703
38 655 113 10.0499
39 655 111 10.4403
40 655 111 10
41 653 109 10.6301
42 651 101 6.08276
43 653 105 10.0499
44 653 109 12.1655
45 649 107 12.0416
46 651 109 10.8167
47 649 111 10
48 649 105 10.0499
49 651 107 13.4536
50 649 109 11.7047
51 649 109 12.53
52 647 107 11.1803
53 647 105 10.2956
54 647 111 10.6301
55 647 111 10.6301
56 649 111 8.94427
57 647 111 12.53
58 647 111 12.53
59 647 111 12.53
60 645 111 13
61 647 113 13.0384
62 647 111 12.8062
63 647 113 13.4164
64 647 113 13.4536
65 645 113 12.2066
66 645 115 12.3693
67 643 117 10.6301
68 643 115 12.3693
69 643 113 12.083
70 641 115 13.0384
71 641 111 10.6301
72 639 115 13.4164
73 637 115 13.1529
74 637 115 13.8924
75 637 117 12.7279
76 635 115 15
77 633 117 15
78 631 117 14.4222
79 625 117 12.6491
80 627 123 9.21954
81 623 119 13.6015
82 621 121 15
83 617 121 15.1327
84 611 123 13
85 611 127 12.8062
86 605 127 14
87 601 127 13.8924
88 597 127 15
89 599 129 12.0416
90 593 129 13.4536
91 591 131 17.1172
92 587 133 15.1327
93 581 133 14.3178
94 577 135 14.0357
95 575 137 15
96 573 141 17.6918
97 571 141 14.8661
98 569 143 14.1421
99 563 143 15.1327
100 563 143 17.4642
101 561 147 16.2788
102 559 151 14.5602
103 557 151 16.7631
104 555 153 16.4924
105 553 155 16.5529
106 551 157 17.0294
107 549 159 17.4642
108 547 161 17.72
109 547 163 18.4391
110 545 165 17.4642
111 543 167 18.0278
112 543 167 16.7631
113 541 169 18.3848
114 539 171 18.1108
115 537 173 18.1108
116 535 173 18.2483
117 535 175 18.7883
118 531 177 19
119 531 179 18.4391
120 523 183 14.2127
121 529 181 17.088
122 523 179 18.4391
123 519 181 18.0278
124 523 183 18.3848
125 515 183 18.3848
126 513 185 18.3848
127 511 185 18.2483
128 509 187 18.3576
129 513 191 18.4391
130 505 189 18
131 513 189 17.088
132 511 189 17.6918
133 509 189 18.6011
135 507 189 17.4642
137 505 189 17.4642
138 501 193 18.3848
139 493 187 18.1108
140 501 189 18.3576
142 499 189 18.6011
144 489 187 18.3848
145 487 189 18.1108
146 489 187 18.1108
147 487 191 18.3576
148 491 187 17
149 497 191 18.1108
150 505 187 10.2956
151 499 193 16.7631
153 493 187 18.4391
155 495 193 18.3848
156 493 185 18.6011
157 493 181 18.0278
158 493 183 18.4391
159 499 183 18.3576
161 497 167 18.3848
162 493 175 16.4924
163 497 169 18.4391
164 503 175 7.2111
167 489 151 17.2047
169 475 143 18.3848
170 481 145 17.6918
173 465 129 16.2788
175 461 141 6.32456
177 455 151 10.6301
182 423 115 18.3848
183 427 111 16.2788
184 423 111 15.8114
185 415 115 18.4391
186 417 109 13.4536
187 409 111 16.1245
188 405 113 16.6433
189 401 119 18.2483
190 397 115 18.0278
191 393 107 2.82843
192 391 109 2.23607
193 389 111 2.82843
195 385 129 17.4642
196 379 135 18.0278
361 311 109 13.4164
362 311 109 10.6301
363 315 107 12.6491
364 313 105 10.0499
365 317 107 10.6301
366 319 103 13.4164
367 317 105 11
368 319 105 10.7703
369 315 99 6.40312
370 321 103 10.4403
371 321 97 10
372 321 99 11.4018
373 323 101 10.198
374 321 97 13.0384
375 323 99 10.4403
376 323 93 10.6301
377 325 93 9.48683
378 325 95 9.84886
379 321 95 10.4403
380 323 93 10.8167
381 323 93 11.1803
382 321 95 10.2956
383 323 91 10.7703
384 323 91 10.7703
385 323 91 10.8167
386 323 89 10.0499
387 325 91 10.4403
388 323 91 10.6301
389 325 91 11.4018
390 325 89 10.2956
391 325 91 11.0454
392 331 95 7.28011
393 329 93 10.7703
394 329 93 11.4018
395 333 93 10.8167
396 333 95 11
397 335 95 10.2956
398 339 97 10.198
399 341 95 10.4403
400 345 99 10
401 347 97 10.4403
402 349 99 10.2956
403 353 101 10.2956
404 355 101 10.8167
405 359 101 9.48683
406 359 103 10.0499
407 361 105 10.4403
408 363 107 10.198
409 365 109 10.0499
410 367 111 9.8995
411 369 113 9.48683
412 371 115 9.43398
413 377 121 4
414 373 119 10
415 375 121 10.0499
416 377 125 9.21954
417 379 127 10.198
418 379 127 9
419 383 129 10
420 383 133 9.48683
421 385 135 9.8995
422 387 137 10.198
423 389 137 9.84886
424 391 139 9.48683
425 397 143 4.47214
426 395 141 9.48683
427 395 141 9.84886
428 399 143 10.2956
429 397 145 7.2111
430 401 143 8.48528
431 401 141 8.60233
432 401 141 9.21954
433 401 141 9.05539
434 401 143 9.21954
435 401 143 9.21954
436 401 141 9.48683
437 403 141 10.0499
438 401 139 7.28011
439 401 141 9.43398
440 401 141 8.94427
441 401 141 8.544
442 401 141 9.21954
443 401 141 9.21954
444 401 139 8.544
445 401 139 9.21954
446 401 139 8.24621
447 401 139 9.05539
448 403 139 8.544
449 403 139 8.94427
450 403 139 8.24621
451 405 139 10
452 405 139 8.544
453 407 141 9.8995
454 407 141 10
455 407 141 8.24621
456 409 141 10.198
457 409 141 9.8995
458 411 143 6.40312
459 411 141 8.06226
460 415 141 9.05539
461 413 141 5.83095
462 415 141 6.32456
463 417 143 6.40312
464 421 137 6.7082
465 421 139 9.21954
466 425 139 7.81025
467 425 141 7
468 427 141 6.32456
469 433 137 6.08276
470 433 139 9.21954
471 437 139 9.21954
472 439 137 7.07107
473 441 137 7.81025
474 441 139 9.48683
476 449 139 9.21954
477 453 139 8.60233
478 457 137 6.40312
479 459 137 9.05539
480 461 139 8.24621
481 465 139 7.61577
483 471 137 8.544
484 473 137 9.21954
485 477 135 7.81025
486 479 135 9.43398
487 481 135 9.43398
488 483 135 10
489 487 133 9.21954
490 489 133 8.94427
491 491 131 8.60233
492 493 131 7.61577
493 501 129 6.40312
494 501 129 8
495 503 129 7.61577
496 507 129 8.94427
497 511 129 6.08276
498 515 129 8.94427
499 517 127 7.07107
500 521 127 5.83095
501 527 123 6.32456
502 531 121 6
503 531 123 7.81025
504 533 121 5.65685
505 539 119 8.60233
506 539 119 5.83095
507 543 115 7.61577
508 545 113 7.81025
509 549 111 7
510 551 109 7.07107
511 551 107 8
512 553 105 7.28011
513 553 105 8.06226
514 555 103 8.24621
515 555 101 7.61577
516 557 101 7.81025
517 557 99 7.28011
519 557 97 7.81025
520 559 99 6.08276
521 557 97 8.06226
522 557 97 8.06226
523 557 99 8.60233
524 555 97 7.61577
525 557 99 7.07107
526 553 99 8.24621
527 551 99 7.07107
528 551 99 8
529 553 103 4
530 549 101 6.08276
531 545 99 7.61577
532 543 101 7.81025
533 541 101 7.28011
534 539 101 7.2111
535 537 101 7.28011
536 535 103 8.06226
537 533 101 7.61577
538 531 105 9.21954
539 529 103 7.81025
540 525 103 7.81025
541 525 105 6.32456
542 521 105 6.32456
543 515 107 6.7082
544 513 107 8.06226
545 511 107 8.06226
546 507 111 5.83095
547 501 113 4.12311
548 503 111 8.06226
549 501 113 7.61577
550 499 113 6.7082
551 495 115 8.06226
552 493 119 9.84886
553 491 119 6.32456
554 487 119 7.61577
555 483 123 7.61577
556 483 123 6.08276
557 479 123 7.61577
558 475 125 7.81025
559 475 125 8.06226
560 471 127 8.544
561 469 129 9.21954
562 467 129 8.24621
563 463 129 9.84886
564 463 133 9.21954
565 461 135 9
566 455 135 10.4403
567 457 137 9.05539
568 455 135 6.40312
569 453 141 8
570 451 141 9.21954
571 447 139 4.47214
572 449 143 7.2111
573 445 145 9.21954
574 447 147 5.83095
575 443 149 8.48528
576 445 151 7.81025
577 441 151 6.40312
578 441 153 7.07107
579 443 153 4.47214
580 443 155 3.60555
581 443 157 2.82843
584 433 133 2
586 425 143 4.12311
