87 673 45 7.2111
88 681 41 11.6619
89 685 43 14.8661
90 689 45 10.0499
91 685 43 9.21954
93 697 47 12.53
94 699 47 13.6015
95 705 49 11.7047
96 707 49 12.7279
97 707 57 8.24621
98 713 53 14
99 719 57 13
100 723 59 12.8062
101 725 57 14.8661
102 727 59 14.1421
103 731 59 14.8661
104 737 59 10.198
105 735 61 11.7047
106 741 65 13.8924
107 747 69 11.0454
108 747 73 8.94427
109 755 71 11.4018
110 755 73 16.4012
111 763 73 13.4536
112 765 73 14.3178
113 765 69 10
115 779 73 13.4536
116 785 77 10.8167
117 785 75 14
118 787 75 12.8062
119 791 75 13.0384
120 797 79 12.3693
121 799 77 13.9284
122 801 77 13.1529
123 807 81 12.3693
124 811 81 12.1655
125 815 83 10.2956
126 813 79 12.8062
128 817 79 10.8167
129 825 85 10.6301
130 825 83 14.2127
131 827 83 14.1421
132 831 85 10.8167
133 829 83 13.6015
135 835 81 10.4403
136 833 83 14.0357
137 835 83 13.4536
138 833 85 12.1655
139 837 87 11.4018
140 837 83 13.8924
141 837 85 13.8924
142 839 83 13.0384
143 841 81 10.6301
144 839 85 14.0357
145 843 87 11.4018
146 843 83 13
147 843 85 14.1421
148 845 85 14.1421
149 847 87 12.8062
150 847 85 14.1421
151 849 85 14.7648
152 847 85 13.6015
153 847 83 13.9284
154 847 83 13.6015
155 847 81 14
156 847 79 14
157 847 79 13.6015
158 847 77 13.4536
159 847 77 12.8062
160 845 75 13.1529
161 847 73 13
162 847 69 14.7648
163 847 69 14.8661
164 845 69 14.0357
165 843 67 11
166 845 63 14.3178
167 847 63 14.3178
168 845 63 12.1655
169 847 61 14.1421
170 849 61 12.083
171 845 55 13.4536
172 847 55 13.9284
173 849 57 12.083
174 849 55 12.53
175 845 53 15.2315
176 845 51 13.6015
177 845 49 14.8661
178 843 49 12.53
179 841 49 17.4642
180 843 45 14.3178
181 841 45 13.0384
182 839 47 17.4929
183 835 45 8.24621
184 843 49 14.8661
185 841 45 13.6015
186 841 47 13.8924
187 843 53 13.6015
188 845 53 18.0278
189 841 55 13.4536
190 841 55 16.1245
191 847 57 18
192 841 59 17.0294
193 841 61 17.1172
194 843 63 16.1555
195 843 65 14.8661
196 845 67 17.72
197 841 71 13.4164
198 843 71 14.3178
199 841 75 14.3178
200 839 77 15.6205
201 839 77 16.5529
202 837 79 13.8924
203 839 85 14.3178
204 839 85 14.4222
205 839 87 13
206 837 91 14.3178
207 833 93 16.1245
208 833 95 17
209 829 99 15.0333
210 831 101 14.4222
211 825 103 14.8661
212 823 105 14.2127
213 825 109 17.6918
214 823 109 16
215 821 113 16.4924
216 821 115 18.1108
217 819 119 17.2627
218 817 119 17.4642
219 817 121 17.72
220 815 123 17.088
221 815 123 16.7631
222 811 119 12.2066
223 813 127 16.5529
224 813 129 18.2483
225 811 129 17.72
226 809 131 18.2483
227 809 133 17.6918
228 807 135 17.0294
229 807 135 17.2627
230 805 137 17.4642
231 803 139 18.4391
232 803 141 17.6918
234 803 143 17.8045
235 801 143 17.2047
236 801 145 18
237 801 145 18.6815
238 799 147 17.2047
239 801 147 17.4642
240 801 145 18.0278
241 801 147 18
242 801 147 17.8045
243 801 149 17.72
244 803 149 18.868
245 801 149 17.8885
246 803 149 18.0278
247 803 151 19.0263
248 809 155 12.53
249 803 151 18.868
250 799 147 13.0384
251 801 151 17.4929
252 801 157 18.0278
253 803 155 18.868
254 803 155 18.3848
255 801 155 18.0278
256 801 159 18.7883
257 799 161 18.868
258 795 167 14.3178
259 797 165 18.9737
260 797 167 18.6011
261 799 163 15.6525
262 795 165 18.4391
263 793 167 18.2483
264 791 169 18.1108
265 791 173 17.0294
266 787 173 18.2483
267 789 173 14.7648
268 783 177 18.0278
269 779 175 17.6918
271 769 177 15.5242
272 769 187 18.3576
273 763 183 18.0278
274 761 181 17.8885
275 765 183 17.088
277 751 183 18.4391
278 747 183 18.4391
279 743 181 17.72
280 737 181 17.4642
281 733 179 18.3576
282 729 179 18.4391
283 723 179 18.3576
284 727 177 17.8885
286 707 177 18.3848
287 701 173 17.2627
288 705 175 18.4391
289 697 181 17.2047
291 695 187 6.40312
294 671 179 17.6918
295 665 179 18.3848
297 661 171 18.0278
298 667 165 6.40312
301 649 163 7.2111
304 643 163 6.40312
306 629 163 2.23607
307 629 171 18.4391
308 633 169 17.0294
309 629 169 17.8885
310 635 173 18.2483
312 631 179 17.8045
314 623 181 10.198
315 619 181 6.40312
317 635 177 13.0384
318 631 171 17.4929
319 635 163 18.4391
321 631 165 17.8885
322 627 165 16.4012
324 629 153 18.1108
326 619 163 10
328 621 145 16.7631
329 627 147 7.2111
330 629 139 5
332 613 143 11.4018
334 601 147 9.48683
335 599 141 13.4536
339 589 137 10.2956
340 593 139 8.60233
341 595 135 10.8167
342 589 135 10.0499
343 589 135 8.94427
345 587 117 18.3576
346 585 109 2.23607
347 587 117 18.9737
348 587 117 16.4012
349 585 113 18.4391
350 583 111 18.868
351 581 119 9.84886
353 577 105 18.6815
354 577 107 15.1327
355 573 101 19.2094
356 571 101 18.3576
358 563 97 18.6011
359 561 95 18.2483
360 557 97 18.6011
361 557 89 14
362 555 95 18.3848
363 549 93 19.105
364 545 93 18.4391
365 543 93 18.3848
366 541 91 18.868
367 537 91 18.7883
368 535 89 18.7883
369 529 85 17.0294
370 529 89 18.6011
371 525 87 18.9737
372 523 87 18.3576
373 519 87 18.0278
374 513 85 18.2483
375 511 85 18.4391
376 507 85 18.868
377 503 85 18.868
379 497 85 18.1108
380 493 85 19.0263
381 491 83 18.3576
382 489 91 12.6491
383 483 85 18.9737
384 479 85 18.4391
385 477 85 18.7883
386 473 85 19.105
387 471 85 18.2483
388 467 85 18.6011
389 463 85 18.6011
390 461 85 18.9737
391 459 85 18.3848
392 459 83 14.3178
393 453 89 18.0278
394 449 89 18.6815
395 445 91 18.6815
396 439 95 14.8661
397 439 93 18.0278
398 433 95 18.2483
399 429 97 17.4642
400 425 97 18.1108
401 419 99 18.3848
402 417 101 18.6011
403 413 95 10.6301
406 399 111 17.4642
407 397 113 14.8661
408 389 119 14.4222
409 387 125 13.4536
410 383 125 16.0312
411 381 127 17.0294
412 377 133 14.1421
413 379 135 12.6491
414 373 135 14.0357
415 373 141 14.7648
416 369 145 14.2127
417 369 145 14.4222
418 367 149 14.3178
419 365 153 17.4642
420 371 155 18.1108
421 369 157 15.8114
422 367 159 14.8661
423 363 159 10.7703
424 365 163 15.2971
425 365 163 13.4164
426 369 163 16.2788
427 367 165 14.3178
428 369 165 16.2788
429 367 167 12.7279
430 367 167 12.2066
431 367 167 11.6619
432 365 165 14.8661
433 363 161 12.8062
434 367 167 10.4403
435 365 165 14.5602
436 363 161 13.8924
437 363 161 15.1327
438 361 161 14.0357
439 365 163 10.6301
440 361 161 15.2315
441 361 163 15.2971
442 359 165 12.8062
443 361 163 17.4929
444 353 163 11
445 357 161 12.6491
446 353 165 12.1655
447 353 165 13
448 353 163 14.5602
449 353 161 13.6015
450 351 163 14.0357
451 351 161 13.0384
453 347 163 15
454 349 163 12.2066
455 345 165 14.1421
456 345 165 13
457 341 165 14.3178
458 343 165 10.7703
459 337 163 13.6015
460 335 163 13.8924
461 331 159 10.2956
462 331 165 13.3417
463 327 161 12.8062
464 329 163 14.3178
465 327 165 11.4018
466 321 159 11.0454
467 317 161 10
468 319 161 14.8661
469 321 163 10.8167
470 317 159 13.4164
471 311 157 8.544
472 315 155 12.8062
473 313 157 12.6491
474 313 159 12.8062
475 313 157 12.8062
476 313 155 13.6015
477 317 157 7.81025
478 313 153 14.7648
479 313 155 10.0499
480 309 153 12.1655
481 309 153 12
482 309 149 13.0384
483 307 147 13.4536
484 307 145 13.6015
485 309 141 12.8062
486 309 143 13.3417
487 309 139 13
488 307 139 11.6619
489 305 137 12.6491
490 305 135 13
491 307 129 10.4403
492 309 129 13.0384
493 305 129 12.6491
494 305 125 12.2066
495 307 125 11.3137
496 307 125 10.4403
497 309 119 10.2956
498 309 117 10.7703
499 309 119 10.7703
500 309 117 10.198
501 309 111 12.8062
502 313 109 12.7279
503 313 109 10.2956
504 315 103 12.6491
505 313 101 13.0384
506 313 99 9.21954
507 317 93 12.1655
508 319 91 11.6619
509 319 89 10.6301
510 321 85 11.1803
511 323 83 10.4403
512 323 79 10.0499
513 327 75 10.7703
514 329 73 12.1655
515 329 71 10.6301
516 331 71 10.0499
517 331 67 11.0454
518 331 67 10.6301
519 333 65 10.8167
520 333 65 11.1803
521 335 65 10.4403
522 335 65 10.4403
523 335 65 11
524 335 67 10.198
525 335 67 10.198
526 333 69 9.21954
527 335 67 11.1803
528 335 69 10.2956
529 335 73 6.7082
530 331 69 12.083
531 331 69 10.0499
532 331 71 11.4018
533 329 73 10.6301
534 329 77 10
535 329 77 10.6301
536 329 79 10
537 327 81 10.2956
538 325 81 10.6301
539 325 81 12
540 325 85 10.7703
541 327 89 7.2111
542 323 85 13
543 321 87 13.4536
544 317 91 11.0454
545 317 95 13.3417
546 317 97 12.7279
547 315 99 12.3693
548 315 101 13.0384
549 313 105 12.083
550 311 109 12.53
551 307 107 10.0499
553 307 113 10.4403
554 303 121 9.21954
555 305 125 10.6301
556 303 125 13.8924
557 305 129 13.3417
558 305 131 13.4536
559 303 133 12.1655
560 303 135 12.0416
561 303 141 9.21954
562 307 139 10.8167
563 309 139 8.94427
564 307 147 12.3693
565 309 149 13.4164
566 309 151 13.0384
567 309 153 14
568 311 157 13.0384
569 311 159 13.0384
570 315 157 9.43398
571 315 161 13.6015
572 315 167 11
573 313 167 14.3178
574 315 169 13.4164
575 317 169 10.198
576 317 175 14.0357
577 319 177 12.083
578 325 185 6.32456
579 327 185 8.24621
580 321 187 13.4536
581 325 193 10.4403
582 323 187 10.6301
584 325 193 13.3417
585 325 203 18.1108
586 335 203 10
587 333 205 13.4164
588 335 207 13.4536
589 337 211 12.8062
590 339 211 13.4536
591 341 215 12.8062
592 345 217 13.4536
593 347 219 12.1655
594 349 221 13.1529
595 351 223 13.0384
596 355 227 11.4018
597 359 227 10.4403
598 357 229 14.0357
599 361 229 14.1421
600 365 235 9.8995
601 365 231 14.1421
602 359 233 7.07107
603 367 235 13.3417
604 369 237 12.53
605 369 239 11.4018
606 373 239 10.6301
607 371 239 12.083
608 373 239 12.8062
609 373 239 12.8062
610 373 239 12.6491
611 373 239 12.53
612 373 239 13.0384
613 371 239 12.53
614 373 241 10.0499
615 369 239 12.2066
617 365 239 13
618 361 235 7.28011
619 363 241 10.6301
620 365 239 10.0499
621 361 237 12.8062
622 359 237 11.7047
623 353 233 6.40312
624 357 237 10.6301
625 355 237 12.8062
626 353 237 13
627 349 239 10.6301
628 347 239 10.7703
629 343 243 6.32456
630 343 239 10.6301
631 339 237 11.0454
632 337 235 10.6301
633 335 235 10.6301
634 341 237 5
635 331 237 11.7047
637 325 235 10.6301
638 323 237 11.0454
639 321 235 10.6301
640 315 235 11
641 313 235 12.8062
642 311 233 11.6619
643 309 233 10.6301
644 303 231 12.3693
645 301 231 12.1655
646 299 231 12.3693
647 297 231 11.1803
648 295 229 13
649 291 231 10.6301
650 289 231 10.6301
651 287 231 10.4403
652 283 229 13
653 285 229 9.48683
654 281 231 10.198
655 277 229 10.2956
656 277 231 10
657 275 229 10.8167
658 277 229 8.60233
659 269 229 8.60233
660 273 227 8.94427
661 269 229 10.0499
662 265 231 8.94427
663 263 229 10.7703
664 263 231 8.544
665 257 227 12.1655
666 253 227 11.7047
667 251 227 13.0384
668 253 233 6.32456
669 247 229 10.6301
670 247 227 9.48683
671 243 225 13.0384
672 249 219 11.7047
673 249 219 10.0499
675 235 221 18.0278
677 223 223 13.6015
678 225 227 13.4536
679 217 225 8.94427
680 215 227 11.1803
681 215 229 10.8167
682 213 231 9.21954
683 207 227 14.7648
684 207 231 10.4403
685 207 227 9.05539
686 203 227 10.4403
687 199 229 13
688 201 231 10.198
689 199 227 8.544
690 197 233 9.84886
691 191 233 14.5602
692 191 227 16.7631
693 195 231 11.1803
694 193 233 9.21954
695 191 233 10.4403
696 191 233 11.4018
697 191 233 10
698 189 233 10.6301
699 191 231 11.6619
700 187 233 10.6301
701 189 233 10.6301
702 187 233 11.0454
703 183 227 14.8661
704 187 235 10.6301
705 185 237 9.21954
706 185 237 10.2956
707 183 237 10.6301
708 185 237 10.198
709 185 235 14.7648
710 181 239 10.7703
711 179 239 10.2956
712 179 239 10.8167
713 181 235 13.0384
714 179 243 9.21954
715 177 239 13.1529
716 177 241 10.4403
717 177 241 10.4403
718 179 243 10.4403
719 179 243 10.7703
720 185 239 18.1108
721 177 243 11
722 179 243 11.6619
723 179 243 11.6619
724 181 245 10.8167
725 181 245 9.8995
726 181 245 10.4403
727 179 245 10.7703
728 179 245 10.4403
729 179 245 10.2956
730 181 245 10.7703
731 181 245 10
732 183 245 10.8167
733 183 245 10.7703
734 185 241 13.9284
735 187 245 9.84886
736 185 243 12.2066
737 187 243 10.6301
738 183 237 17.0294
739 187 239 12.3693
740 187 237 12.0416
741 187 237 13.4164
742 189 233 14.4222
743 189 237 10.198
745 189 229 10.6301
746 187 231 14.1421
747 187 227 13.9284
748 189 229 11.6619
749 187 225 14.0357
750 187 225 18.1108
751 191 217 10.0499
752 189 215 11.1803
753 185 215 15.0333
754 191 211 10.0499
755 191 209 10
756 191 207 10.198
757 191 205 10.4403
758 193 203 10.7703
759 191 201 10
760 191 199 12
761 191 199 12.53
762 193 199 10.2956
763 193 197 10.8167
764 193 195 12.2066
765 195 195 10.2956
766 195 193 10.6301
767 195 193 10.0499
768 195 191 10.7703
769 195 189 10.2956
770 195 189 10.198
771 195 189 10.2956
772 197 187 10.198
773 197 189 10.8167
774 197 189 10.6301
775 197 187 10.2956
776 199 185 10
777 203 191 7
778 201 187 10.8167
779 201 185 12.6491
780 203 185 10.198
781 203 185 10.0499
782 201 181 4.47214
783 205 187 10.2956
784 205 187 10
785 207 187 10.6301
786 207 187 10.0499
787 211 189 9.21954
788 211 189 12.0416
789 211 191 10.2956
790 211 191 10.6301
791 211 193 10.2956
792 211 193 10.198
793 209 197 8.94427
794 211 197 10.4403
795 211 199 11.1803
796 211 199 11.6619
797 211 201 11.0454
798 211 201 11.7047
799 213 205 12.0416
800 211 205 10.7703
801 211 207 10.7703
802 211 209 11.0454
803 211 209 10.7703
804 213 213 10.198
805 213 211 11.7047
806 213 211 9.43398
807 213 215 10.6301
808 215 217 10.198
809 217 217 12.0416
810 217 219 13
811 215 219 9.48683
812 221 219 13.4164
813 221 223 12.0416
814 221 219 11.0454
815 223 223 10.7703
816 223 219 10.198
817 225 225 9.21954
818 227 225 9.21954
820 233 221 12.0416
821 235 217 16.1245
822 235 217 15.1327
823 237 217 15.5242
824 239 215 17.4929
825 239 215 17.4642
826 245 213 18.4391
827 247 219 14.2127
828 249 211 8.24621
829 251 211 9.21954
830 255 213 16.4012
831 257 209 9.05539
832 255 209 8.24621
834 263 207 9.48683
835 265 207 9.84886
836 265 215 9.48683
838 271 203 7.61577
