49 547 185 8.544
51 555 183 11.0454
52 559 185 9.43398
53 563 185 9.84886
54 567 185 8.94427
55 569 187 9.05539
56 571 187 9.48683
58 579 189 8.60233
59 581 189 9.21954
60 585 189 9.48683
61 589 191 9.21954
62 593 191 9.21954
63 597 191 9.84886
65 605 195 7.28011
66 607 193 9.48683
67 611 193 9.43398
68 615 195 8.544
69 617 195 11.3137
70 619 193 10.0499
71 625 195 9.21954
72 625 195 10
73 631 197 8.544
74 633 197 9.43398
75 635 197 10
76 639 197 10.2956
77 643 197 10.7703
78 647 197 9.84886
79 647 199 10
80 651 201 9.84886
81 655 201 10.8167
82 659 203 9.84886
83 661 203 10.8167
84 665 209 8.06226
85 667 209 9.05539
86 671 211 9.21954
87 673 211 9.84886
88 677 213 10.198
89 681 215 10.0499
90 683 215 10.198
91 683 215 8.544
92 689 219 9.84886
93 689 219 8.60233
94 695 223 10
95 699 225 10.6301
96 703 227 8.544
97 703 227 9.05539
98 709 229 9.43398
99 709 229 7.28011
100 715 231 8.24621
101 717 233 8.06226
103 725 239 7
104 729 241 7.81025
105 733 241 9.48683
106 735 241 9.21954
107 737 245 9
108 741 247 8.24621
109 745 247 10
110 747 249 8.94427
111 749 249 7.28011
112 755 249 9.43398
113 759 253 9.48683
114 761 253 9.48683
115 765 253 9.48683
116 765 255 7.2111
117 771 257 9.21954
118 771 257 8.24621
119 775 257 8.544
120 779 259 9.8995
121 781 261 8.60233
122 785 261 9.21954
123 787 261 9.84886
125 791 263 8.06226
126 795 265 8.94427
127 795 261 5.65685
128 801 267 9.05539
129 801 265 6.08276
130 805 269 8.544
131 807 269 7.81025
132 809 271 6.08276
134 813 267 10
137 817 267 7.07107
138 819 267 7.07107
140 819 269 7.28011
142 823 263 3.60555
145 821 271 5.65685
146 823 271 6.40312
147 823 271 6.08276
165 823 243 5.83095
166 823 243 7.28011
167 823 245 9.48683
169 821 241 11.1803
170 821 241 10.198
171 821 239 9.84886
173 819 235 11.0454
174 817 233 9.48683
175 817 235 9.21954
176 817 233 9.84886
177 815 233 9.43398
178 813 231 10.7703
179 811 229 9.43398
180 809 229 10.2956
181 807 227 10
182 805 229 10.198
183 805 231 10.2956
184 801 229 9.21954
185 799 233 8.06226
186 795 235 10.6301
187 797 235 10.198
188 797 235 10.198
189 797 239 11.0454
190 797 241 11.1803
192 793 245 10.2956
194 791 249 10.0499
195 791 251 12.2066
196 789 255 10.6301
198 787 259 10
199 785 261 8.544
200 787 265 10.6301
201 785 271 10.2956
202 783 273 10.2956
203 783 273 7.28011
204 783 279 11
205 781 283 10.2956
206 779 285 10
207 779 287 9.8995
208 777 293 9.48683
209 777 295 10.0499
210 775 303 8.06226
212 775 309 10.198
213 773 313 10.0499
214 771 321 5.83095
215 771 317 9.84886
216 765 325 10
219 765 331 9.21954
220 765 335 8.94427
221 765 337 10.0499
222 761 343 8.544
223 759 339 6.32456
224 759 347 8.06226
225 761 349 10
226 755 353 11.1803
228 755 357 9.43398
229 757 359 10
230 757 359 11.1803
231 755 363 11
233 753 367 11.0454
234 751 373 7.28011
235 751 371 9.84886
236 751 373 9.21954
237 749 375 10.198
238 747 375 10.0499
239 747 377 10
240 747 375 10.8167
242 745 379 11.4018
243 743 383 8.94427
244 743 383 10.8167
245 741 385 9.21954
246 743 385 13.0384
247 743 387 13.4536
248 741 391 10.6301
249 739 391 11.1803
250 739 393 8.544
251 737 393 10
252 735 399 10
253 735 399 10.4403
254 735 399 12.0416
255 733 403 10.6301
256 735 403 14.3178
257 733 405 13.4164
258 731 407 11.7047
259 731 411 12.8062
260 729 413 9.21954
261 729 415 13.1529
262 727 421 10
263 727 421 11.7047
264 725 423 10.2956
265 727 421 14.2127
266 725 423 13.8924
267 725 425 14.2127
268 721 431 10
269 723 427 14.1421
270 721 435 9.48683
271 721 431 14.0357
272 717 435 10.4403
273 717 433 14.0357
274 715 433 14.1421
275 709 431 11.0454
276 709 437 9.84886
277 705 435 10
278 703 437 9.84886
279 697 435 9.84886
280 697 431 11.1803
281 697 437 7
282 693 433 13.4536
283 689 433 13.9284
284 685 431 13.3417
285 681 431 13.3417
286 677 437 9.21954
287 671 429 11.6619
288 669 431 14.2127
289 661 429 11.4018
290 655 431 10.198
291 651 433 10.198
292 651 433 13.4536
293 645 437 10.2956
294 641 433 11.1803
295 637 437 9.21954
296 633 441 9.84886
297 631 437 13.6015
298 629 439 14.8661
299 623 441 12.8062
300 619 443 12.3693
301 617 447 10.0499
302 613 443 11.7047
303 613 445 13.4536
304 613 447 13.3417
305 613 449 7.61577
306 611 445 13.4536
307 609 447 11.4018
308 611 447 13.9284
309 611 447 14
310 611 445 13.6015
311 609 447 10.0499
312 611 447 9.21954
313 613 449 10.4403
314 613 447 11.0454
315 615 443 12.53
316 615 441 11.3137
317 615 439 10
318 615 439 10.4403
319 617 437 9.84886
320 619 433 11.0454
321 619 431 10.4403
322 621 427 12.6491
323 615 427 12.1655
324 619 425 11.1803
325 621 421 6.40312
326 617 419 10.2956
327 617 417 10.6301
328 617 413 8.06226
329 617 411 8.06226
330 617 411 11.0454
331 613 411 7.07107
332 613 403 10.6301
333 617 399 14.2127
334 613 395 11.3137
335 613 395 13.0384
336 609 393 9.8995
337 609 391 10.8167
338 609 389 10.6301
339 611 387 12.53
340 607 385 10.0499
341 607 383 10.6301
342 603 375 6.08276
343 605 377 10.0499
344 605 377 10
345 603 371 11.4018
346 601 367 10.198
347 601 367 10.4403
348 601 365 8.06226
349 595 357 7.61577
350 599 359 10.2956
351 595 353 10.8167
352 591 353 9.48683
353 593 345 11.4018
354 591 343 10.0499
355 591 343 10.198
356 589 339 11.6619
357 589 339 9
358 587 335 11.1803
359 585 335 9.48683
360 585 329 12.2066
362 581 331 9
363 583 327 13.8924
364 579 325 10.6301
365 575 323 9.05539
366 577 319 12.083
367 573 319 10.2956
368 571 319 9.43398
369 571 319 10
370 571 315 12.083
371 569 317 10.2956
372 569 313 13.6015
373 575 311 7.61577
375 561 309 10.2956
376 559 307 10.2956
377 565 305 10.198
378 557 305 10.0499
379 559 305 12.6491
380 553 303 9.8995
382 551 301 9.43398
383 555 301 13.3417
384 553 301 13.6015
385 551 301 14.1421
386 549 299 13.6015
387 549 299 13.8924
388 545 297 10
389 549 297 13.9284
390 547 297 11.6619
391 545 295 10.6301
392 545 293 10
393 547 293 10.2956
394 557 293 9.48683
395 551 291 11.1803
396 553 291 11.7047
397 559 289 10.6301
399 565 281 13.0384
400 565 279 11.6619
401 567 277 12.2066
402 573 271 13.4536
403 575 265 14.2127
405 579 261 14.3178
406 583 255 11.1803
407 585 249 12.3693
408 589 247 9.84886
409 587 239 13.3417
410 589 233 13.0384
411 589 231 13
412 591 225 14.1421
413 591 221 12.7279
414 593 219 12.8062
415 593 215 14.4222
416 593 209 13.3417
417 593 205 13
418 597 205 11.1803
419 593 197 11.4018
420 595 195 13.0384
421 595 193 13.8924
422 595 187 10.6301
423 595 187 13.3417
424 597 189 10.4403
425 595 185 14.3178
426 595 183 12.6491
427 593 179 14
428 593 179 13.0384
429 591 173 14.2127
430 589 171 13.6015
431 589 169 13.6015
432 589 165 13.6015
433 585 163 13.4536
434 583 161 12.53
435 583 159 12.8062
436 579 155 13.1529
437 579 151 14.8661
438 575 149 14.2127
439 571 149 14.2127
440 569 149 10.6301
441 565 145 13.4164
442 569 141 10.198
443 561 137 10.6301
444 557 137 12.1655
445 555 135 13.4164
446 551 135 12.8062
447 549 133 12.0416
448 543 133 12.8062
449 541 131 12.3693
450 537 131 12.7279
451 535 127 10.8167
452 531 131 10.6301
453 529 127 12.3693
454 525 129 10
455 525 127 10.2956
456 523 123 10.4403
457 519 121 10.6301
458 515 121 10.7703
459 511 123 13.0384
460 509 119 10.198
461 505 123 10.198
462 503 121 11.0454
463 503 123 10
464 501 117 10.6301
465 503 119 10.198
466 499 121 10.0499
467 497 121 10.2956
468 497 119 12.0416
469 497 117 10.7703
470 493 117 9.8995
471 495 117 10.2956
472 493 121 10.4403
473 491 119 12.083
474 493 117 10.2956
475 491 121 10.2956
477 491 121 13.4536
478 491 119 11.1803
479 491 119 12.3693
480 489 119 10.4403
481 489 119 9.43398
483 489 115 12.6491
484 487 113 11
485 489 109 10.198
486 487 111 11.0454
487 487 111 13.1529
488 487 109 10.4403
489 489 107 10.198
490 487 109 10.4403
491 487 107 11.3137
492 487 107 11.1803
493 489 107 10.7703
495 487 109 10.4403
496 489 111 10.0499
497 489 111 10.6301
498 491 109 10.6301
499 491 111 11.1803
500 491 111 11.7047
501 493 111 10.2956
502 491 115 12.0416
503 493 113 10.4403
504 489 119 9.43398
505 491 119 11.1803
506 491 119 11.1803
507 489 125 10.2956
508 491 125 12.3693
509 489 125 10
510 487 133 9.8995
511 485 133 10.7703
512 487 135 12.53
513 489 135 10
514 483 141 10
515 483 141 10.7703
516 487 141 12.1655
517 485 143 12
518 485 143 12.0416
519 485 145 11.7047
520 485 145 12.1655
521 483 147 10.7703
522 483 145 12.53
523 485 147 12.8062
524 487 147 12.8062
525 487 149 14.3178
526 489 147 13.0384
527 487 145 13.0384
528 491 149 14.3178
529 485 147 9.8995
530 487 147 10.0499
531 489 145 12.3693
532 489 145 12.8062
533 489 145 12.53
534 489 145 10.4403
535 491 145 12.6491
536 493 143 10
537 493 147 12.0416
538 493 149 10.0499
539 495 149 10.2956
540 495 147 12.0416
541 497 149 12.8062
542 495 149 12.3693
543 497 147 10.8167
544 495 147 10.0499
545 495 151 9.48683
546 497 149 13.4536
547 495 149 10.7703
548 497 147 12.8062
549 497 145 12.53
550 495 145 12.0416
551 495 143 12
552 493 141 10.0499
553 493 141 12.0416
554 493 141 12.2066
555 493 139 10.8167
556 491 139 13
557 491 139 12.0416
558 489 137 10
559 489 137 10.0499
560 489 137 10.0499
561 489 137 10
562 491 135 10
563 495 137 12.3693
564 495 135 10.6301
565 495 137 11.7047
566 497 135 10.4403
567 497 137 11.7047
568 495 137 10.4403
569 499 135 11.3137
570 499 137 11.0454
571 501 137 10.4403
573 503 135 10
574 505 131 10
575 503 131 11.6619
576 503 129 12.8062
577 503 123 10.7703
578 501 125 10.6301
579 501 121 13.1529
580 501 117 10.6301
581 499 115 11
582 497 113 10.2956
583 495 107 11.6619
584 495 103 12.0416
585 493 99 11
586 491 97 11.3137
587 491 93 12
588 491 93 10.4403
589 489 89 11.4018
590 487 87 10.6301
591 485 81 13.1529
592 483 79 11.7047
593 479 75 13.6015
594 479 75 11.1803
595 473 71 12.0416
596 471 67 13.1529
597 467 69 14.1421
598 463 63 10.7703
599 459 67 9.84886
600 459 61 12.0416
601 453 57 14.7648
602 449 57 13.6015
603 443 57 11.3137
604 443 57 12.0416
605 437 57 12.53
606 435 57 13
608 425 57 11
609 421 55 13.4536
610 417 55 13.1529
611 409 53 12.083
612 407 57 10.2956
613 405 53 13
614 403 55 12.53
615 401 53 10.6301
616 397 57 14.4222
617 391 55 11.7047
618 389 57 13.4164
619 389 55 10.2956
620 385 55 10.8167
621 381 57 12.8062
622 373 57 10
623 375 55 10.6301
624 369 57 11.0454
625 369 59 12.8062
626 361 59 9.8995
627 361 59 11.6619
628 359 57 12.1655
629 359 59 9.8995
630 353 61 10.2956
631 353 59 10.198
632 347 63 9.84886
633 349 61 10.0499
634 343 63 10.6301
635 343 63 12.0416
636 341 63 10.7703
637 337 65 12
638 337 63 10.7703
639 333 63 10.4403
640 329 63 10.2956
641 327 63 10.4403
642 323 63 10.6301
643 317 63 10.0499
644 317 63 10.4403
645 313 63 11.4018
646 311 63 10.198
647 305 63 11
648 303 65 10.2956
649 301 61 10.6301
650 299 63 10
651 295 61 10.4403
652 291 61 10.6301
653 285 63 10.2956
654 281 63 10
655 279 65 9.84886
656 277 63 10.6301
657 275 63 10.0499
658 271 63 10.0499
659 267 63 10.198
660 263 65 10.2956
661 259 65 10.7703
662 257 65 10.198
663 253 65 10.0499
664 249 65 10.2956
665 243 67 10.4403
666 239 67 10.2956
667 237 65 10
668 233 65 10.2956
670 223 67 10
671 221 65 10
672 219 67 10.6301
673 215 67 10.6301
674 213 67 10.0499
675 209 67 10.198
676 207 67 9.8995
677 205 67 9.43398
678 199 69 10
679 199 69 10.4403
680 195 69 10.7703
681 193 69 10.198
682 191 69 10
683 187 71 10.2956
684 185 71 10.6301
685 183 71 10.8167
686 181 71 10.6301
687 179 73 11
688 177 73 10.4403
689 179 75 12.3693
690 175 73 10.8167
691 175 71 10.6301
692 173 73 11.1803
693 171 75 10.6301
694 171 71 10.0499
695 169 73 12.53
696 167 73 10
697 169 73 10.4403
698 167 75 11.3137
699 167 75 10.2956
700 165 75 11.1803
701 163 75 12.1655
702 165 75 10.198
703 163 77 12.2066
704 161 79 12.8062
705 159 77 12.53
706 159 77 10.6301
707 157 79 11.0454
708 157 79 11.7047
709 157 79 11
710 155 83 10.8167
711 155 81 11.4018
712 155 83 12.3693
713 153 81 11.1803
714 153 81 11.1803
715 153 83 12.7279
716 153 83 12.6491
717 153 83 12.53
718 151 81 12.3693
719 153 83 12.2066
720 153 85 13
721 155 83 12.0416
722 155 81 10.8167
723 155 83 11.0454
724 151 85 9.43398
725 155 81 12.3693
726 155 83 11.1803
727 157 81 11.7047
728 159 81 12.6491
729 161 79 10
730 159 81 11.1803
731 163 79 10.4403
732 161 81 11.1803
733 165 79 10.8167
734 163 79 12.2066
735 167 79 10.4403
736 167 77 10.4403
737 169 75 10.198
738 171 75 10.2956
739 171 73 12
740 171 75 10.2956
741 173 73 10.7703
742 175 71 10.7703
743 175 71 10.4403
744 177 67 9.84886
745 177 67 11.0454
746 175 65 12.083
747 177 63 11.1803
749 175 59 9.43398
750 179 55 8.24621
751 175 57 9.21954
752 179 53 8.06226
753 179 49 9.21954
754 179 45 8.544
755 179 45 10.198
756 179 43 10.2956
757 179 41 10.0499
758 179 41 10
759 181 39 9.48683
760 181 37 10
761 181 35 10.6301
762 181 33 10.8167
763 181 33 9.8995
764 181 33 9.43398
765 181 31 10
766 183 29 10.4403
767 185 31 13
768 183 27 10
769 181 29 10.6301
770 183 27 10.6301
771 183 27 10
772 183 27 9.21954
773 183 27 11.0454
774 183 25 10.8167
775 183 25 9.84886
776 183 27 9.05539
777 183 27 9.84886
778 183 27 10
779 183 27 10.0499
780 183 27 10.0499
782 185 29 9.84886
783 185 27 10.6301
784 187 29 8.60233
786 187 29 8.94427
787 187 31 9.84886
788 187 31 8.94427
789 187 33 9.84886
790 187 35 9.21954
791 187 35 9
792 189 37 9.84886
793 189 39 9.43398
794 189 39 8.544
795 189 41 10.0499
796 191 43 9.21954
797 191 45 9.43398
798 191 47 9.21954
799 193 49 8.48528
800 193 51 9.43398
801 193 53 9.21954
802 193 53 9
803 195 53 10.6301
804 197 55 8.06226
805 199 57 8.60233
806 201 59 10.2956
807 201 59 9.43398
808 203 61 10.198
810 207 63 10.2956
811 207 63 9.05539
812 209 65 9.21954
813 211 65 8.94427
814 213 65 9.05539
815 215 67 8.48528
816 217 67 9.21954
817 219 67 9.48683
818 221 67 9.05539
