49 651 107 13.4536
50 649 109 11.7047
51 649 109 12.53
52 647 107 11.1803
53 647 105 10.2956
54 649 109 13.8924
55 647 111 10.6301
56 645 111 12.53
57 647 111 12.53
58 647 111 12.53
59 647 111 12.53
60 645 111 13
61 647 113 13.0384
62 647 111 12.8062
63 647 113 13.4164
65 643 117 10.7703
66 645 115 12.3693
67 643 117 10.6301
68 643 115 12.3693
70 641 115 13.0384
72 639 115 13.4164
73 637 115 13.1529
74 637 115 13.8924
75 637 117 12.7279
76 635 115 15
77 633 117 15
78 631 117 14.4222
79 625 117 12.6491
81 623 119 13.6015
82 621 121 15
83 617 121 15.1327
84 611 123 13
85 611 127 12.8062
86 609 125 14.7648
87 601 127 13.8924
88 597 127 15
89 593 131 13.0384
90 593 129 13.4536
91 591 131 17.1172
92 587 133 15.1327
93 581 133 14.3178
94 577 135 14.0357
95 575 137 15
96 573 141 17.6918
97 571 141 14.8661
98 569 143 14.1421
99 563 143 15.1327
100 563 143 17.4642
101 561 147 16.2788
102 559 151 14.5602
103 557 151 16.7631
104 555 153 16.4924
105 553 155 16.5529
106 551 157 17.0294
107 549 159 17.4642
108 547 161 17.72
109 547 163 18.4391
110 545 165 17.4642
111 543 167 18.0278
112 543 167 16.7631
113 541 169 18.3848
114 539 171 18.1108
115 537 173 18.1108
116 535 173 18.2483
117 535 175 18.7883
118 531 177 19
119 531 179 18.4391
122 523 179 18.4391
123 519 181 18.0278
124 523 183 18.3848
125 515 183 18.3848
126 513 185 18.3848
127 511 185 18.2483
129 513 191 18.4391
132 511 189 17.6918
136 497 187 18.2483
148 487 195 18.4391
149 491 189 26.5707
150 493 193 22.4722
151 495 195 22.8254
152 495 193 22.8035
153 495 191 22.8473
154 495 191 22.1359
155 497 189 22.8254
156 499 191 18.9737
157 499 185 23.4307
158 493 183 18.4391
159 495 175 19.6977
160 493 171 18.3848
161 497 167 18.3848
162 495 169 22.561
163 495 167 21.0238
164 489 167 18.0278
165 491 161 21.0238
166 489 153 19.7231
167 485 153 23.4094
168 483 151 24.5153
169 479 147 23.7065
170 477 141 26.4008
172 465 139 21.5407
173 461 133 21.9317
174 457 133 21.2132
175 453 127 23.0868
176 447 125 21.9317
177 445 121 20.2485
179 435 117 21.9317
180 433 117 18.4391
181 427 113 21.4009
182 423 115 18.3848
183 423 109 24.3311
184 417 111 20.8087
185 415 115 18.4391
186 409 115 20.5183
187 403 117 19.3132
188 403 117 23.4307
189 395 117 22.8035
190 391 117 23.8537
191 387 121 18.4391
192 385 125 18.3848
193 383 127 19.7231
194 385 125 21.095
195 381 131 20.1246
196 379 135 23.4307
197 379 135 24.0416
198 373 135 19.799
199 367 139 21.2132
200 363 143 19.9249
201 359 143 21.0238
202 355 149 18.4391
203 353 149 21.4709
204 345 153 22.6274
205 337 153 20
206 335 155 19.4165
207 331 155 19.799
208 325 155 19.7231
209 319 159 20.0998
210 315 161 19.6469
211 309 161 22.1359
212 307 161 18.4391
213 307 165 18.1108
214 299 165 18.3576
215 297 165 18.4391
216 293 169 20.3961
217 289 169 18.9737
218 287 167 21.9317
219 283 169 18.868
220 279 169 18.4391
221 275 171 19.6469
222 275 171 19.105
223 269 171 18.4391
224 263 175 23.0868
225 263 173 19.105
227 255 173 18.2483
228 253 173 18.7883
229 251 175 17.4642
230 249 175 16.5529
231 245 177 16.0312
233 239 179 14.2127
234 237 175 17
235 233 175 17.088
236 233 175 18.0278
237 227 175 17
239 223 173 18.3576
240 225 171 15.1327
241 219 173 15.6205
242 217 173 15.8114
243 217 169 13
244 211 173 16.2788
245 213 175 17.6918
246 209 177 13.0384
247 207 173 16.6433
248 205 173 16.0312
249 205 175 14.8661
250 203 173 16.4012
251 205 171 13.0384
252 203 173 14.8661
253 199 177 13.9284
254 203 177 18.6011
255 199 175 14.8661
256 197 179 13.0384
257 197 177 16.5529
258 191 177 16.7631
259 191 177 14
260 187 179 16.9706
261 189 179 14.4222
262 187 179 14.5602
263 187 179 15.1327
264 187 179 16
265 185 179 14.7648
266 181 181 15.2971
267 183 179 13.3417
268 183 179 13.3417
270 181 181 14.2127
271 179 179 14.7648
272 179 179 14.1421
273 179 179 14.8661
274 177 179 13.0384
275 177 179 13.4536
276 179 175 12.53
277 173 175 17.4642
278 177 177 13
279 179 173 13.0384
280 179 173 13.4536
281 179 171 13.0384
282 181 169 13.3417
283 181 167 13
284 181 167 12.8062
285 183 163 12.8062
288 185 159 13
289 185 157 12.3693
290 187 155 12.083
291 187 155 13
292 187 155 12.53
293 187 153 12.7279
295 187 151 12.3693
298 187 151 12.0416
300 187 147 12.0416
301 187 147 12.0416
302 187 149 13.4164
303 187 147 12.6491
304 185 147 11.1803
305 187 147 12.7279
306 187 143 10.4403
307 187 143 10.6301
310 185 147 10.4403
311 185 145 12.3693
312 185 147 9.48683
313 187 145 11.0454
314 189 143 13.0384
315 187 141 12.7279
317 193 141 14.2127
318 193 141 13.4164
320 195 139 12.53
321 199 139 14
322 199 137 12.0416
323 201 137 12.7279
325 207 133 13.3417
326 209 133 13.4164
328 213 129 12.0416
329 217 129 13.0384
330 219 129 11.7047
331 221 127 12.3693
332 225 127 13.0384
333 227 127 10.7703
334 231 125 13.3417
335 233 125 13.0384
336 235 125 10.7703
337 239 123 13.3417
338 241 121 12.083
339 243 123 13.1529
340 245 121 12.1655
341 249 121 12.8062
342 253 119 10.4403
343 253 121 13.6015
344 257 119 12.8062
345 259 119 12.3693
346 263 119 12.2066
347 265 119 12.8062
348 269 117 12.53
349 275 115 11.1803
350 275 117 12.6491
351 279 115 13.1529
352 285 113 12.083
353 287 113 12.3693
355 295 111 11.7047
356 295 109 10.4403
357 299 109 11.6619
358 303 111 13.4164
359 305 109 12.083
360 309 109 12.8062
361 311 109 13.4164
362 311 109 10.6301
363 315 107 12.6491
364 315 103 12.0416
365 317 107 10.6301
366 319 103 13.4164
367 317 105 11
368 319 105 10.7703
370 321 103 10.4403
372 321 99 11.4018
373 323 101 10.198
374 321 97 13.0384
375 323 99 10.4403
376 323 93 10.6301
377 321 97 10.0499
378 323 93 11.4018
379 321 95 10.4403
380 323 93 10.8167
381 323 93 11.1803
382 321 95 10.2956
383 323 91 10.7703
384 323 91 10.7703
385 323 91 10.8167
386 323 89 10.0499
387 325 91 10.4403
389 325 91 11.4018
390 325 89 10.2956
391 325 91 11.0454
393 329 93 10.7703
394 329 93 11.4018
395 333 93 10.8167
396 333 95 11
397 335 95 10.2956
398 337 95 10.0499
399 341 95 10.4403
400 347 97 13.3417
401 347 97 10.4403
402 349 99 10.2956
403 353 101 10.2956
404 355 101 10.8167
406 359 103 10.0499
407 361 105 10.4403
408 363 107 10.198
409 365 109 10.0499
410 367 111 9.8995
411 369 113 9.48683
412 371 115 9.43398
414 373 119 10
415 375 121 10.0499
416 377 125 9.21954
417 379 127 10.198
418 379 127 9
419 383 129 10
420 383 133 9.48683
421 385 135 9.8995
422 387 137 10.198
423 389 137 9.84886
424 391 139 9.48683
426 395 141 9.48683
427 395 141 9.84886
428 399 143 10.2956
431 401 141 8.60233
432 401 141 9.21954
433 401 141 9.05539
434 401 143 9.21954
436 401 141 9.48683
437 403 141 10.0499
439 401 141 9.43398
442 401 141 9.21954
443 401 141 9.21954
444 401 139 8.544
445 401 139 9.21954
446 401 139 9.84886
447 401 139 9.05539
448 403 139 10
449 403 139 8.94427
450 403 139 10
451 405 139 10
452 405 139 8.544
453 407 141 9.8995
454 407 141 10
456 409 141 10.198
457 409 141 9.8995
458 411 139 8.60233
459 413 139 10
460 415 141 9.05539
463 417 139 9.21954
466 425 139 7.81025
470 433 139 9.21954
471 437 139 9.21954
473 441 137 7.81025
474 441 139 9.48683
476 449 139 9.21954
477 453 139 9.84886
484 473 137 9.21954
486 479 135 9.43398
487 481 135 9.43398
489 487 133 9.21954
490 489 133 8.94427
491 491 131 8.60233
492 493 131 7.61577
495 503 129 7.61577
500 523 125 7.61577
505 539 119 8.60233
508 545 113 7.81025
511 551 107 8
512 553 105 7.28011
513 553 105 8.06226
514 555 103 8.24621
515 555 101 7.61577
516 557 101 7.81025
517 557 99 7.28011
519 557 97 7.81025
520 557 97 7.61577
521 557 97 8.06226
522 557 97 8.06226
523 557 99 8.60233
524 555 97 7.61577
526 553 99 8.24621
528 551 99 8
531 545 99 7.61577
535 537 101 7.28011
536 535 103 8.06226
537 533 101 7.61577
538 531 105 9.21954
539 529 103 7.81025
540 525 103 7.81025
541 523 103 7.28011
543 517 105 8
544 513 107 8.06226
545 511 107 8.06226
548 503 111 8.06226
549 501 113 7.61577
551 495 115 8.06226
554 487 119 7.61577
558 475 125 7.81025
559 475 127 9.43398
560 471 127 8.544
561 469 129 9.21954
562 467 129 8.24621
563 463 129 9.84886
564 463 133 9.21954
565 461 135 9
568 453 139 7.81025
569 453 141 9.21954
570 451 141 9.21954
575 443 149 8.48528
624 487 219 8.48528
626 489 217 7.81025
627 489 217 8.24621
628 489 217 8.06226
629 491 217 8.24621
630 491 217 8.06226
631 491 217 8.06226
632 491 215 7.81025
712 487 177 7.61577
713 487 177 7.81025
714 487 177 6.40312
717 485 177 6.7082
722 481 179 7.07107
723 481 179 7.07107
724 479 179 7.07107
725 479 179 7.07107
728 477 177 8.06226
729 479 179 7.07107
730 477 179 7.07107
731 479 179 7.2111
732 479 179 6.7082
735 479 179 8.06226
736 479 179 7.81025
738 481 177 7.81025
740 483 177 7.2111
741 485 179 6.7082
742 483 177 8.06226
744 487 177 7.28011
745 487 175 7.81025
746 489 175 9.21954
747 487 173 8
749 489 171 7.61577
750 491 169 7.61577
751 491 167 7.2111
752 491 167 7
753 493 165 7.07107
754 495 165 6.40312
755 495 163 7
756 495 161 7
757 497 163 7.07107
758 497 161 7.2111
759 497 161 6.40312
760 499 159 7.07107
762 503 157 6.40312
763 503 157 6.32456
764 503 157 7.07107
767 507 155 6.7082
768 507 155 7.07107
769 507 155 6.08276
770 509 155 6.40312
771 509 155 6.7082
772 509 155 6.7082
773 511 155 6.32456
774 511 155 7.07107
775 511 155 7.07107
776 513 155 7.07107
779 517 157 6.40312
780 517 157 6.40312
781 519 157 6.7082
782 521 157 6.40312
783 521 157 7
784 521 159 7.07107
785 523 159 6.40312
786 523 159 7.07107
787 523 161 7.07107
788 525 161 6.08276
789 523 163 6.08276
790 525 163 6.40312
791 525 165 6.32456
792 525 165 7.07107
793 525 165 7.07107
794 525 167 7.07107
796 525 169 6.7082
797 525 171 6.40312
798 525 171 6.7082
800 525 175 6
802 527 175 7.07107
803 527 177 6.7082
804 527 177 6.32456
805 527 179 6.7082
806 527 179 6.7082
808 527 181 7.07107
809 527 183 6.7082
811 527 185 7.07107
812 529 187 6.7082
814 531 189 6.32456
816 529 189 7.07107
817 531 191 7.2111
818 533 191 7.81025
819 535 191 7.07107
820 537 191 6.40312
822 537 193 6.7082
823 539 193 7.2111
825 541 193 7.61577
827 545 195 9.21954
828 547 193 7.28011
829 549 195 6.32456
830 551 195 6.7082
831 549 195 7.28011
834 555 199 9.48683
835 555 197 7.61577
836 557 197 8.06226
837 559 195 9.8995
838 561 199 7.07107
839 563 199 6.7082
841 563 199 7.61577
842 565 201 8.94427
843 565 199 7.61577
846 571 201 7.28011
847 571 203 9
848 573 201 8.60233
849 573 201 8.06226
850 575 201 7.61577
851 575 203 8.94427
853 579 203 6.7082
854 579 203 9.05539
855 581 201 6.40312
856 581 203 9
858 581 203 8.06226
859 581 203 7.07107
860 581 203 7
861 583 203 7.28011
862 587 203 8.48528
863 587 205 10
864 587 205 9.21954
865 593 197 15.0333
866 593 203 10.2956
867 593 201 12.3693
