24 605 239 28.3196
25 611 227 29.1548
26 599 219 30.2324
27 599 211 30.4631
28 595 203 30.0167
29 593 193 35.1283
30 597 187 36.2353
31 591 181 32.8938
32 589 181 30.0167
33 585 175 31.6228
34 581 167 34.9857
35 579 165 31.1448
36 569 155 36.4006
37 567 157 30.4138
38 559 151 36.2215
39 559 143 31.5753
40 545 145 30.4138
41 545 139 36.2215
42 535 137 34.7851
43 523 135 31.0644
44 523 133 36.8782
45 513 133 35.3553
46 507 131 32.9848
47 497 131 35.5106
48 491 131 34.2053
49 479 129 34.8855
50 475 127 36.7696
51 465 127 34.2053
52 457 123 33.9706
53 447 125 34.2053
54 437 123 36.0139
55 425 121 36.1386
56 417 119 36.2353
57 405 117 35.7351
58 389 121 33.541
59 381 115 36.0694
60 371 117 34.4819
61 357 111 35.4683
62 345 109 35.3553
63 331 111 36.8782
64 315 111 34.9285
65 303 111 36.3593
66 291 105 36.3456
67 279 105 36
68 265 107 35.3836
69 249 103 36
70 237 101 36.6879
71 225 101 35.2278
72 213 97 34.4384
73 197 99 35.9026
74 183 91 35
75 175 87 30.2655
77 147 91 36.0139
78 131 97 36.2491
79 117 97 36.0555
80 107 93 36.7696
81 93 91 32.7567
82 77 103 36.7696
83 69 113 29.0689
373 47 171 18.0278
374 47 169 18.4391
375 53 167 20.6155
376 55 167 19.105
377 59 165 21.095
378 61 163 22.0227
379 65 165 21.095
380 69 163 22.3607
381 73 163 20.3961
382 75 161 21.9317
383 73 163 18.3848
384 81 165 20
385 83 165 20.8087
386 87 159 18.0278
391 103 163 18.4391
392 107 169 22.8035
393 113 167 19.799
394 119 173 19.799
395 127 173 23.6008
396 131 175 21.1896
397 135 179 19.7231
398 143 183 18.3848
399 149 181 20.5183
400 157 185 21.095
401 167 191 18.3576
402 177 189 17.6918
403 181 193 22
404 193 199 18.4391
405 201 203 22.0227
406 205 207 20
407 211 213 21.0238
408 217 217 18.4391
409 225 221 19.2094
410 231 229 19.6977
411 235 231 18.4391
412 241 235 18.0278
413 245 241 18.2483
414 251 249 19.4165
415 257 255 21.5407
416 261 261 17.2047
417 265 265 18.1108
418 269 269 19.4165
419 271 275 20.5183
420 275 279 20.2485
421 279 281 17.8885
422 281 289 18.3848
423 283 289 19.3132
424 287 293 20.0998
425 289 295 17.8045
426 295 305 16.2788
427 299 305 18.2483
428 301 307 18.6011
429 305 303 20.8087
430 301 301 24.0208
431 307 307 19.8494
432 309 303 21.095
433 313 305 16.1555
434 311 303 19.2094
435 313 303 19.3132
436 311 301 20.2485
437 311 305 18.6011
438 313 303 20.8087
439 315 303 19
440 315 299 18.3576
441 317 301 19.4165
442 317 303 18.868
443 317 299 18.2483
444 319 301 18.3576
445 319 303 18.3848
446 319 299 18.4391
447 319 305 19.2354
448 321 301 19.9249
449 323 301 19.799
450 327 305 18.1108
451 329 305 20.2237
452 331 303 19.9249
453 327 299 12.1655
455 339 305 22.1359
456 347 313 14.0357
457 351 305 17.2627
458 355 307 18.7883
459 361 309 18.6011
460 367 309 18.3848
461 369 305 16.1245
462 377 311 18.0278
464 387 315 18.4391
465 393 317 18.2483
466 397 315 20.3961
468 409 315 19.799
469 415 317 20.5913
470 425 315 17.4642
471 431 319 18.2483
472 437 317 18.6011
473 443 321 19.105
474 449 319 19.2094
475 455 321 20.3961
476 461 321 19.4165
477 469 325 21.0238
478 477 323 21.4709
479 483 323 19.2354
480 491 321 17.4642
481 497 327 18.7883
482 503 325 20.6155
483 513 323 21.5407
484 507 333 7.61577
486 531 321 21.2603
487 539 317 20.3961
488 545 315 20.1246
489 551 319 18.4391
490 559 319 18.0278
491 565 311 19.2354
492 575 315 24.1868
493 579 313 22.2036
494 587 315 17.6918
495 593 307 21.4709
496 599 309 23.7065
497 613 307 19.6469
498 617 307 22.3607
499 625 309 26.1725
500 637 307 18.4391
501 643 299 21.5407
502 647 301 19.4165
503 655 293 22.4722
504 665 285 18.2483
505 665 285 22.8035
506 671 277 22.3607
507 671 271 18.868
508 679 271 24.4131
509 685 267 18.4391
510 687 257 24.3516
511 685 257 22.2036
512 691 251 18.1108
513 693 243 22.0227
514 689 241 20.2237
515 685 229 17.8045
516 691 237 17.1172
517 689 233 17.72
518 689 229 19.105
519 685 227 20.025
520 685 229 17.6918
521 681 223 23.0217
522 685 225 18.4391
523 683 227 18.0278
524 681 227 18.2483
525 671 225 20.8087
526 675 227 19.6469
527 671 227 21.2132
528 669 231 17.8885
529 667 227 20.8087
530 661 231 19.4165
531 657 229 22
532 655 235 18.4391
533 651 235 18.6815
534 647 229 20.1246
535 643 237 19.2094
536 637 239 19.2094
537 631 239 21.4709
538 621 235 18.3576
539 623 243 21.095
540 617 245 20.3961
541 613 245 18.3576
542 603 243 20.8806
543 593 245 18.3848
544 591 251 22.6716
545 593 255 18.868
546 585 261 18.1108
547 583 263 19.2354
548 573 265 21.095
549 567 265 23.4094
550 571 275 18.1108
551 563 277 23.7065
552 557 275 19.6977
553 557 285 17.4642
554 553 289 15.6525
555 545 287 20.6155
556 537 291 21.4009
557 531 291 18.4391
558 529 295 21.4009
559 527 299 18.6011
560 515 303 25.0599
561 509 303 24.2074
562 509 303 18.6011
563 499 311 20.0998
564 499 313 19.4165
565 491 315 20
566 485 323 23.3452
567 481 321 20
568 475 323 18.9737
569 469 331 23.2594
570 465 333 22.4722
571 459 333 21.5407
572 457 335 20.5913
573 455 339 20.0998
574 451 339 21.2132
575 445 341 22.0227
576 443 347 22.6274
577 443 347 18.6815
578 437 357 22.4722
579 435 359 21.5407
580 437 363 17.8045
581 433 365 18.868
582 431 373 20.5913
583 433 379 19.105
584 429 383 22.0907
585 425 393 19.3132
586 417 395 14.7648
587 423 401 21.9317
588 423 407 20.6155
589 423 407 20.1246
590 425 417 19.4165
591 421 421 22.6274
592 421 427 22.6716
593 423 429 20.8087
594 421 441 20.5183
595 421 441 22.0907
596 419 447 23.7697
597 419 453 23.7065
598 421 459 23.2594
599 421 463 22.2036
600 425 471 18.6815
601 421 475 24.6982
602 427 475 20.025
603 429 481 25.4951
604 435 487 18.0278
605 433 491 22.6274
606 433 493 23.0868
607 439 501 23.0217
608 441 507 18.868
609 447 501 26.4197
610 451 513 18.3576
611 453 513 21.0238
612 459 511 25.4951
613 461 511 22.6274
614 465 519 21.2603
615 471 517 21.0238
616 475 515 23.6008
617 481 523 18.2483
618 481 519 23.8537
619 487 521 23.3238
620 491 521 23.4307
621 495 527 27.2029
622 503 523 21.0238
623 499 521 19.2354
624 507 523 22
625 515 525 19.8494
626 517 523 23.2594
627 523 525 20.2237
628 527 525 20.2485
629 529 527 25
630 533 527 18.4391
631 539 525 20.5183
632 545 523 23.0217
633 547 525 23.5372
634 553 525 25.2389
635 557 519 22.8035
636 559 521 19.8494
637 567 519 21.6333
638 571 519 21.6333
639 577 519 22.8035
640 581 515 22.8035
641 583 513 18.2483
642 593 515 23.4307
643 595 509 22.4722
644 603 509 22.0227
645 605 507 20.6155
646 611 509 23.3452
647 611 505 20.3961
648 619 501 19.4165
649 619 505 18.3848
650 625 501 19.4165
651 625 497 19.4165
652 629 497 19.4165
653 631 497 21.4009
654 633 497 18.6815
655 637 497 19.2354
656 641 497 21.095
657 645 499 19.105
658 647 499 18.7883
659 655 497 19.3132
660 653 497 18.3576
661 659 495 20.5183
662 661 493 19.3132
663 667 495 18.6815
664 665 495 19.2354
665 671 491 20.8087
666 671 491 20.8806
667 677 491 20.3961
668 677 489 19.2354
669 681 487 19.7231
670 681 487 17.8885
671 685 485 18.4391
672 691 481 18.0278
673 695 483 18.7883
674 699 481 17.8045
675 697 483 17.4642
676 701 479 19.3132
677 705 479 18.9737
678 707 479 18.6011
679 709 479 20
680 709 477 18.3848
681 713 477 18.4391
682 713 475 20.025
683 717 475 18.4391
684 719 475 18.3576
685 719 475 18.868
686 721 473 18.3576
687 721 475 19.6469
688 723 473 18.4391
689 725 473 18.868
690 727 471 19.3132
691 729 473 19.105
692 729 471 18.6011
693 731 473 18.4391
694 731 473 17.4642
695 729 469 20.025
696 731 473 16.2788
697 731 471 18.0278
698 733 471 17.4929
699 731 471 18
700 733 469 16.5529
701 733 471 18.1108
702 735 471 16.5529
703 733 471 17.2627
720 717 475 19.2354
721 715 473 18.4391
722 715 475 16.4924
723 713 475 16.6433
724 709 475 18.7883
725 705 477 14.1421
726 707 473 18.3848
727 705 473 18.1108
728 703 473 18.4391
729 703 473 18.4391
730 701 473 18.0278
731 701 473 18.0278
732 701 473 17.8885
733 699 473 17.6918
734 699 473 18.1108
735 703 475 17.0294
736 701 473 18.0278
737 699 473 16.9706
738 703 471 18.868
740 705 471 18.3576
741 707 471 19.6469
742 707 469 18.3848
743 711 467 17.088
744 711 467 18.6011
745 713 465 18.4391
746 713 463 18.2483
747 717 461 19.105
748 719 455 18.7883
749 719 451 17.1172
750 721 449 18.6011
751 723 447 18.868
752 725 443 18.2483
753 727 441 18.0278
754 727 435 20.6155
755 729 439 17.0294
756 731 435 18.1108
757 733 431 18.1108
758 735 431 18.0278
759 737 427 18.6011
760 739 427 19.105
761 741 425 17
762 741 423 18.0278
763 743 421 18.0278
764 745 421 18.9737
765 749 417 19.2354
766 749 415 17
767 751 417 18.0278
768 753 415 18.2483
769 755 415 18.0278
770 757 415 18.0278
771 759 415 17.8885
772 763 417 15.0333
773 761 411 14.3178
774 765 415 17.0294
775 767 417 18.0278
776 767 419 17.0294
777 771 417 17.8885
778 771 419 18
779 773 421 17.6918
780 777 421 17.72
781 777 423 18.4391
782 775 421 14.1421
783 779 423 20.2237
784 783 427 19.105
785 783 427 18.0278
786 785 433 16.7631
787 785 433 18.0278
788 787 433 18.1108
789 787 433 16.0312
790 789 439 18.868
791 791 443 18.4391
792 791 443 18.0278
793 793 449 18.7883
794 793 449 18.4391
795 793 453 19.0263
796 797 457 17.4929
797 793 459 18.0278
798 795 461 18.2483
799 799 467 18.7883
800 797 469 20
801 799 473 18.4391
802 799 473 18.3848
804 799 481 19.6469
805 801 483 18.3848
806 803 487 16.9706
807 799 489 18.4391
808 801 493 18.1108
809 799 493 18.9737
810 799 495 20.2485
811 801 499 18.6011
812 799 501 18.4391
813 801 503 18.9737
814 799 507 20.025
816 801 513 18.0278
817 803 513 18.868
818 803 515 19.3132
819 803 515 20.025
820 807 517 20
821 807 519 18.868
822 807 519 19.0263
823 809 519 18.3848
824 813 521 18.3848
825 813 521 19.105
826 813 523 19.105
827 815 523 19.4165
828 817 523 21.1896
829 817 523 19.9249
830 819 527 21.2132
831 821 525 19.105
832 819 525 21.5407
833 823 527 19.4165
834 821 529 19.4165
835 823 529 19.7231
836 829 531 16.4012
837 823 531 19.799
838 825 531 21.1896
839 823 535 18.4391
840 827 537 22.561
841 827 535 20.6155
842 825 539 22.4722
843 825 539 21.2603
844 829 537 19.105
845 827 537 20.6155
846 827 537 20.5913
847 825 541 18.6011
848 829 541 18.9737
849 829 539 22.6716
850 827 539 21.095
851 829 539 21.9317
852 827 535 24.0208
853 827 541 18.1108
854 829 539 22.561
855 831 539 20.3961
856 829 539 22.1359
857 827 535 18.3848
858 833 543 18.2483
859 831 543 19.105
860 827 541 20
861 833 541 24.2074
862 833 545 18.0278
863 831 541 23.1948
864 831 543 21.8403
865 829 543 19.2094
866 837 541 23.3452
867 835 545 23.0217
868 833 545 18.4391
869 839 549 22.2036
870 845 549 18.3576
871 837 551 19.2354
872 841 547 24.5153
873 835 537 27.8927
874 841 543 30
875 843 541 32.249
876 847 543 30
877 851 549 19
878 845 557 18.3848
879 849 555 25
880 849 555 23.7697
881 845 557 20.0998
882 849 555 23.2594
883 853 555 20.5183
884 847 561 19.2354
885 845 559 20.2485
886 845 561 20
887 847 561 20.6155
888 849 557 20.3961
889 847 557 20.3961
890 847 559 21.0238
891 843 557 20.6155
892 835 563 20.8087
893 835 561 23.3452
894 835 559 22.0907
895 831 561 23.4307
896 831 563 23.3452
897 825 559 22.8035
898 823 561 21.0238
899 817 561 22.8473
900 813 561 24.0208
901 809 565 21.095
902 807 563 23.0868
903 801 561 23.3452
904 797 563 23.8537
905 793 563 24
906 787 561 23.6008
907 785 565 23.2594
908 779 569 23.3238
909 773 567 23.7697
910 777 569 24.1661
911 767 569 25.9422
912 767 567 23.2594
913 763 575 22.8035
914 761 573 26
915 757 575 26.9258
916 755 577 26.0768
917 751 579 25.0599
918 747 579 27.0185
919 745 579 26.9258
920 743 581 24.1661
921 737 575 29.4109
922 733 577 29.8329
923 733 579 27.4591
924 731 579 26.9258
925 727 581 26.9258
926 725 579 27.0185
927 721 581 28.0179
928 713 581 25.2389
929 713 583 27.8568
930 707 585 28.7924
931 705 587 26.4764
932 697 585 29.0689
933 693 587 28.7924
934 685 589 28.6007
935 679 591 28.6356
936 673 591 29.2746
937 667 597 30.6105
938 659 597 28.4605
939 649 601 28.8617
940 643 609 24.0832
941 631 607 29.4109
942 623 609 28.6531
943 613 615 28.178
944 601 619 29.0689
945 589 621 27.8029
946 583 625 31.0644
947 571 629 29.1548
948 559 631 27.8568
949 547 635 26.4197
950 541 641 29.1548
951 529 645 28.6356
952 521 651 28.8444
953 509 655 27.313
954 503 659 30.6105
955 497 661 28.8444
956 487 667 30.4138
957 479 669 27.8927
958 469 681 34.4819
959 459 683 31.0644
960 455 683 35.9026
961 439 689 27.6586
962 433 693 29.1548
963 427 693 35.7351
964 417 701 33.3017
965 409 707 31.241
966 407 707 31.241
967 399 715 36.1248
968 393 709 36.3456
969 383 717 30.6105
970 375 715 33.541
971 367 721 29.0689
972 363 715 30.8869
973 353 711 36.2215
974 349 715 31.8904
975 343 717 28.3196
976 335 715 28.6356
977 331 711 35.3553
978 323 703 32.8938
979 319 701 30.8707
980 317 701 30.2655
981 313 691 31.3847
982 311 689 34.0588
983 307 685 33.2866
984 305 683 33.7343
985 303 677 35.7351
986 297 679 34.1321
987 295 669 33.121
988 295 669 31.305
989 285 665 32.6497
990 285 663 34.0147
991 279 661 33.541
992 273 655 34.6699
993 271 649 36.6197
994 265 649 34.8855
995 261 645 33.2415
996 251 645 33.121
997 247 643 34.9285
998 241 643 34.9285
999 235 639 33.121
1000 225 639 34.9285
1001 215 641 32.1403
1002 211 637 32.5576
1003 201 637 36.0555
1004 193 637 36.6879
1005 181 639 34.0147
1006 173 639 34.4819
1007 163 641 36.6742
1008 153 639 33.2415
1009 147 639 35.9026
1010 137 641 33.2415
1011 123 645 34.9285
1012 115 647 34.0588
1013 109 649 29.1548
1015 71 659 37.0135
1016 65 661 35.4683
1017 51 665 36
1018 39 671 36.2215
