63 375 197 13.0384
64 371 195 14.4222
65 365 195 11.6619
66 361 195 12.8062
67 357 193 14.5602
68 355 191 13.0384
69 347 197 10.4403
70 341 193 14.5602
71 337 193 14.5602
72 333 193 10.4403
73 333 193 13.4164
74 329 191 12.53
75 325 191 12.8062
76 325 191 12.3693
77 319 193 11.4018
78 315 191 13.3417
79 313 191 12.2066
80 311 187 10
81 309 191 11.1803
82 307 189 10.4403
83 303 193 12.0416
84 299 195 10
85 299 195 12.0416
86 297 197 10.7703
87 297 195 10.8167
88 295 195 10.6301
89 291 197 12.083
90 291 199 10.0499
91 289 197 10.4403
92 285 199 10.2956
93 285 199 9.48683
94 281 201 9.43398
95 281 199 11.3137
96 277 201 10.0499
97 275 201 10.2956
98 273 203 9.8995
99 271 203 10.2956
101 265 203 10.4403
102 265 205 9.21954
103 263 205 9.21954
104 261 207 10.7703
106 255 209 10
107 253 209 9.84886
108 249 209 10.4403
109 247 211 10.0499
110 245 211 9.21954
112 239 211 9.21954
113 235 211 10.2956
114 233 211 8.94427
115 229 213 9.21954
116 227 211 10.4403
117 223 213 8.06226
118 223 213 9.48683
119 221 211 10.0499
120 221 213 10.6301
121 217 211 10.198
122 215 211 10.2956
123 215 213 10.7703
124 213 211 9.21954
125 211 211 9.48683
126 209 211 10.2956
127 207 215 8.06226
128 207 213 10.4403
129 205 213 9.84886
130 205 211 9.21954
131 203 211 10.8167
132 203 211 9.21954
133 201 211 10.198
134 201 211 10.2956
135 201 211 9.48683
136 201 211 9.43398
137 201 211 9.43398
138 201 211 10.4403
139 201 211 10.4403
140 201 211 10.4403
141 201 211 10.6301
142 201 211 10.2956
143 199 209 8.94427
144 199 209 9.21954
145 197 209 10.0499
146 197 209 8.94427
147 197 211 10.2956
148 195 211 9.21954
149 195 211 10.2956
150 195 211 10
151 191 211 10.0499
152 193 209 8.544
153 193 209 9.21954
154 193 209 10.2956
155 193 209 10
156 193 207 10
157 193 205 9.21954
158 193 203 8.544
159 193 203 9.05539
160 193 201 10
161 195 201 10.2956
162 193 197 10.0499
163 195 195 8.544
164 195 195 9.21954
165 197 193 8.60233
166 197 191 9.21954
167 197 191 9.21954
168 199 189 8.94427
169 199 187 10.2956
170 199 185 10.198
171 201 185 8.48528
172 203 181 9.48683
174 207 177 9
175 209 177 10.198
176 209 175 9.43398
177 211 173 9.43398
178 213 171 9.21954
179 215 171 10.198
180 215 169 9.84886
181 219 169 8.06226
182 219 167 9.21954
183 221 167 9.05539
184 223 167 8.544
185 223 167 9.21954
186 225 167 10.198
187 225 169 9.21954
188 225 169 9.43398
189 227 171 8.24621
190 227 171 9.21954
191 229 171 8.60233
192 229 173 9
193 229 173 8.48528
194 231 173 8.60233
195 231 175 9.05539
196 233 175 8.60233
197 233 177 8.60233
198 235 179 8.24621
199 237 177 7.81025
200 239 179 8.24621
201 241 181 9.48683
202 241 183 8.24621
203 243 183 8.06226
204 245 185 7.28011
205 247 185 9.21954
206 249 185 9.43398
207 253 183 8.06226
208 255 187 8
209 259 185 9.84886
210 261 187 8.06226
211 263 189 8.06226
212 265 189 8.06226
213 267 191 7.28011
214 267 191 8.60233
216 273 193 6.7082
218 277 191 7.61577
220 281 191 6.7082
221 281 191 7.07107
222 283 193 7
223 285 193 7.2111
224 287 193 7.2111
225 289 191 6.40312
226 289 193 7.07107
227 291 193 7.2111
228 293 193 7.81025
229 295 193 7.81025
234 303 191 7.07107
235 303 193 6.32456
236 303 191 7
237 305 191 7.28011
239 305 191 7.81025
240 309 187 6.40312
241 309 189 7.2111
242 309 187 7.07107
244 311 187 6.7082
245 311 187 6.7082
246 309 189 6.32456
247 309 187 8.24621
249 311 189 6.40312
250 313 187 7.2111
252 313 187 7.07107
253 313 189 6.40312
254 313 187 7.81025
255 313 187 8.06226
256 315 189 7.07107
259 317 189 6.40312
260 321 189 6.40312
261 321 189 7.07107
262 323 189 6.7082
263 323 189 7.07107
265 327 189 6.40312
266 327 191 6.08276
267 331 189 6.32456
268 331 189 6.7082
269 333 189 6.40312
270 335 189 6.7082
272 337 189 6.40312
273 337 187 6.08276
274 341 189 6.32456
275 339 189 8.06226
277 343 189 6
278 347 187 6.08276
279 349 187 6.32456
280 351 189 6.08276
281 353 187 7
282 355 187 7.07107
283 357 187 6.7082
284 357 185 9.43398
285 361 185 6.32456
286 363 181 8.48528
287 367 181 8.48528
289 371 181 8
290 371 183 7.61577
291 373 181 8.544
292 375 179 8.544
293 377 179 8
294 379 179 8.06226
296 385 179 8.60233
297 385 179 10
298 387 179 8.60233
299 389 179 8.24621
300 391 179 8.544
301 393 179 7.28011
302 393 179 8
303 395 177 8.544
304 395 177 8.24621
305 395 177 8.24621
306 395 177 8.06226
307 395 177 9.84886
310 397 177 9.43398
311 397 175 8.48528
314 395 175 7.61577
315 397 173 7.07107
316 397 175 9.05539
318 397 175 9.21954
320 395 173 8.06226
321 397 173 8.06226
322 397 173 8.544
323 397 173 8.24621
324 397 173 8.06226
325 399 171 8.06226
326 399 171 8.60233
327 397 171 7.28011
328 401 171 8.06226
329 401 169 8.06226
331 403 171 8.544
332 403 171 8.24621
334 403 171 7.61577
335 405 171 8.24621
336 405 171 8.544
337 407 171 8.48528
338 407 169 8.60233
339 407 171 8.06226
340 407 171 8.24621
341 409 171 7.81025
342 407 171 9.21954
343 407 171 8.60233
345 409 169 8.94427
346 409 171 8.48528
347 409 171 8.24621
348 409 171 8.544
351 411 171 8.06226
352 411 171 8.24621
353 413 169 8.06226
354 413 171 8.94427
355 415 169 10
356 415 171 9.05539
357 417 171 9.05539
358 419 171 8.06226
359 421 171 8.24621
360 421 171 8.544
361 425 171 8.24621
362 423 171 8.06226
363 427 169 8.48528
364 429 169 9.21954
366 431 169 8.06226
367 433 167 8.06226
368 435 167 9.21954
369 437 167 8.48528
370 437 167 8.60233
371 439 167 8.60233
372 443 167 8.544
373 445 167 8.06226
374 447 165 8.06226
375 449 167 10
376 451 165 8.60233
377 451 163 10.0499
378 453 165 8.544
379 453 165 9.21954
380 457 163 9.21954
381 459 165 8.06226
382 461 163 8.544
383 463 163 8.544
386 467 163 9.8995
387 467 163 10.0499
388 469 163 9.84886
390 473 163 9.8995
391 475 165 9.48683
392 477 165 9.43398
393 479 165 8.94427
394 481 167 9.21954
395 483 167 9.48683
396 485 169 9.21954
398 491 169 8.06226
399 495 173 8.544
400 497 173 8.94427
401 501 175 8.94427
402 505 177 8.06226
403 509 179 8.24621
404 511 181 8.544
405 515 183 8.48528
406 517 185 9.21954
407 519 187 8.94427
408 523 191 8.24621
409 527 191 8.60233
410 529 195 8.48528
411 533 197 8.06226
412 533 199 9.21954
413 535 201 9.21954
414 537 205 8.94427
415 539 207 9.48683
416 541 209 8.60233
417 543 211 8.544
419 545 215 8.60233
420 545 219 9.84886
421 547 221 8.60233
422 547 223 9.21954
424 549 225 9.48683
425 549 227 9.21954
426 551 229 9.43398
427 551 231 9.48683
428 553 231 9.21954
429 553 231 10
430 553 233 9.21954
431 553 233 8.94427
432 555 231 9.21954
433 555 233 9.21954
434 555 233 9.21954
435 557 233 8.24621
436 555 233 8.544
437 557 231 9.21954
438 557 231 9.21954
440 557 231 10
441 557 231 10
442 559 231 9.43398
443 559 231 9.84886
444 559 231 10
447 561 231 10.0499
448 563 231 9.43398
449 565 231 10.0499
450 565 231 8.94427
451 565 233 10
452 567 233 10
453 567 233 9.48683
454 571 233 10
455 571 235 9
456 573 235 9.21954
457 575 235 9.21954
458 577 237 8.544
459 579 237 9.84886
460 581 239 8.24621
461 585 237 8.60233
464 591 241 9.21954
468 601 243 9.21954
469 603 245 8.94427
471 609 245 9.21954
472 611 245 9
473 613 247 9.43398
474 615 249 9.43398
475 619 251 8.06226
476 621 251 8.48528
477 623 253 10
478 625 253 10
479 627 255 10.6301
480 629 255 9.43398
481 631 255 10.198
482 633 255 10.2956
483 637 257 8.60233
484 637 255 10.0499
485 641 255 10.4403
486 643 255 10.4403
487 645 255 10
488 649 257 10.0499
489 651 255 10.6301
490 653 257 10.6301
491 655 257 10.2956
492 657 255 11
493 659 257 11.1803
494 661 255 11.0454
495 663 257 12.53
496 667 257 13.1529
497 669 257 12.0416
498 671 257 11.3137
499 673 259 10.2956
500 675 259 10.0499
501 677 257 13.0384
502 675 255 10.6301
503 681 255 10.7703
504 681 251 13
505 681 253 10.6301
506 685 251 10.198
507 683 247 13
508 685 243 13.6015
509 687 241 10.2956
510 683 239 12.6491
511 685 237 13.0384
512 683 235 12.53
513 683 235 10.6301
514 677 231 9.84886
515 679 229 11.4018
516 679 229 10.198
517 677 225 12
518 679 223 12.7279
519 675 223 11.7047
520 673 223 10.6301
521 675 221 12.0416
522 673 219 10.4403
523 673 221 12.1655
524 673 221 12.3693
525 669 223 10.6301
526 671 221 12.1655
527 671 221 12.53
528 667 223 10.4403
529 667 223 10.7703
532 665 223 10.8167
533 667 221 10.2956
534 665 221 10.198
535 665 225 11.1803
536 665 223 10.6301
537 663 223 10.7703
538 661 223 10.6301
539 659 225 12.3693
540 661 225 10.2956
541 657 225 10.6301
542 657 225 11.1803
543 655 225 10.0499
544 655 225 9.84886
545 655 229 10.4403
546 653 229 10.4403
547 655 233 9.21954
549 651 233 10.0499
550 653 235 10.8167
551 653 235 10.4403
553 651 239 10.0499
554 649 241 10.198
555 649 241 10.4403
556 647 241 10.198
557 647 245 10.4403
558 645 245 10.2956
559 643 243 9.8995
560 639 245 10.7703
561 639 245 10
562 637 245 9.48683
563 635 247 10
564 633 247 9.21954
565 631 251 10
566 629 253 8.60233
567 627 253 10.0499
568 623 253 10.6301
569 623 255 9.21954
570 621 255 9.43398
571 619 255 9.8995
572 619 257 11.0454
573 617 257 9.84886
574 615 257 9.21954
575 615 261 10.6301
577 611 263 9.48683
578 609 267 8.544
579 609 267 10.2956
580 609 271 8.544
581 607 273 10.8167
582 605 275 10.7703
583 605 275 9.84886
584 603 277 9.48683
585 603 279 9.21954
586 601 283 10.0499
587 599 287 12.0416
588 599 287 9.8995
589 599 291 9.21954
590 597 293 10.2956
591 595 295 10.4403
592 595 297 10.4403
593 589 293 17.6918
595 589 305 12.3693
596 589 309 10.7703
597 589 309 10.4403
598 587 315 10.198
599 585 317 10.4403
600 585 319 10.8167
601 585 321 10.7703
602 583 323 10.6301
604 585 329 12.0416
605 583 331 10.8167
606 583 333 10.4403
607 585 335 10
608 585 337 10.0499
609 585 339 10.2956
610 585 341 10
611 587 343 10.0499
612 587 345 9.48683
613 589 345 10.6301
615 593 347 10
616 595 347 10.198
617 595 347 9.21954
618 599 349 10.6301
619 599 351 10.198
620 603 351 10.2956
621 605 351 10.198
622 607 353 10.6301
623 609 353 10.6301
624 611 355 9.43398
625 613 355 10.198
626 615 355 10.7703
627 619 355 10.2956
628 621 355 10.4403
629 623 357 10.7703
630 625 357 10.8167
631 627 357 10.4403
632 631 357 10.198
633 633 359 10.0499
634 637 357 10.7703
635 639 357 11.4018
636 641 359 10.2956
637 647 359 10.4403
638 647 359 10.198
639 651 359 12.0416
641 659 359 11.1803
642 663 359 11.1803
643 667 359 10.2956
644 669 359 11.0454
645 673 357 10.2956
646 673 359 12.1655
647 675 357 10.8167
648 677 357 10.7703
649 683 357 11.3137
650 683 357 10.8167
651 685 357 10.8167
652 687 357 10.8167
653 691 357 10.8167
654 693 357 10.8167
655 695 359 9.21954
656 697 359 13
657 699 357 10.2956
658 701 357 10.0499
659 705 357 10.6301
660 707 359 10
661 709 357 10.6301
662 711 357 11
663 713 357 10.4403
664 715 359 10.198
665 717 357 10.6301
666 721 357 10.8167
667 721 357 10
668 725 357 10.6301
669 727 357 12.0416
670 731 355 10.6301
671 733 355 10.4403
672 737 357 10.2956
673 741 357 9.21954
674 741 355 10.8167
675 745 355 10.4403
676 747 355 10.6301
677 749 355 10.7703
678 753 355 10.2956
679 753 355 10.2956
680 755 355 10.198
681 757 355 10.2956
682 759 355 10.0499
683 763 355 10.4403
684 765 355 10.7703
685 765 353 11
686 769 353 9.8995
687 769 355 10.0499
688 771 355 10.2956
689 773 355 10
690 773 355 10
691 775 353 9.8995
692 777 355 9.43398
693 777 355 10.198
694 777 353 10
695 779 355 10
696 779 355 10.198
697 781 355 9.43398
698 781 355 8.94427
699 781 355 9.8995
700 781 355 10.198
701 781 355 10.198
702 781 355 10
703 781 353 9.8995
704 781 353 9.21954
705 781 355 8.94427
706 781 357 10.4403
707 783 355 9.84886
708 783 355 10
709 783 355 10.0499
710 785 357 8.06226
711 783 355 10.0499
712 783 355 10.0499
713 783 355 10.198
714 783 355 10.0499
715 783 359 6.08276
716 783 353 10
731 769 351 9.21954
732 769 351 9.48683
733 769 351 9.84886
734 769 351 9.21954
735 769 349 10.8167
736 767 351 9.43398
737 767 351 9.48683
738 767 351 9.48683
739 767 351 9.48683
740 769 351 10.6301
741 769 349 9.84886
742 769 351 9.21954
743 769 349 10.198
744 771 351 8.24621
745 769 349 8.544
746 771 347 10.2956
747 773 345 9.84886
748 773 343 10.0499
749 775 343 10.198
750 775 341 10.6301
751 775 339 10.6301
752 777 337 10.7703
753 777 337 10.2956
754 779 335 10.6301
755 779 335 10.8167
756 779 333 10.6301
757 781 333 10.7703
758 781 333 10.198
759 781 331 10.4403
760 783 331 11.1803
761 783 333 8.94427
762 783 331 8.94427
763 785 329 9.43398
764 783 327 10.198
765 783 327 10.4403
766 787 329 8.544
768 787 327 10.4403
770 787 327 10.198
771 787 327 10.198
772 789 327 10.198
773 791 329 10
774 791 329 11
776 793 331 9.8995
777 793 333 10.2956
778 793 333 10.2956
779 793 335 9.8995
780 795 333 10
782 793 337 10.8167
783 793 337 11.0454
784 793 339 10.4403
785 793 337 10.0499
786 793 339 11
788 795 343 11.0454
789 795 343 11.0454
790 793 345 10.0499
791 795 349 10.4403
792 797 349 10.7703
793 795 351 10.7703
794 797 353 10.2956
795 797 355 11.1803
796 799 357 9.84886
797 797 357 10.7703
798 799 361 9.8995
799 797 363 11
800 797 365 11.0454
801 799 367 9.48683
802 797 369 12.2066
803 799 369 10.198
804 797 371 10.4403
805 797 373 10.7703
806 799 373 10
807 797 377 10.198
808 797 375 10.4403
809 797 377 10.4403
810 795 381 10.2956
811 795 381 10.7703
812 793 383 10.4403
813 795 383 11.7047
814 793 387 10.2956
815 791 387 10.0499
817 791 389 10.2956
818 791 391 10.2956
819 791 391 10.198
821 789 393 10.4403
822 787 393 10.198
823 787 395 10.4403
824 785 397 10.198
825 785 395 10.198
826 783 399 10.7703
827 783 399 10
828 783 397 10.0499
829 781 399 10.6301
830 779 401 10.2956
831 779 399 10.4403
832 779 399 9.8995
833 777 401 10.6301
834 775 403 11
835 773 403 11.0454
836 773 403 10.7703
837 771 403 10.6301
838 769 405 11.0454
839 769 405 10.2956
840 767 407 11.1803
841 763 407 10.198
842 761 407 12.1655
843 761 409 11.4018
844 759 409 11.4018
845 757 409 11.1803
846 757 409 11.1803
847 755 413 9.21954
848 753 411 10.4403
849 753 411 10.2956
850 753 409 10
851 749 409 12.083
853 749 409 10
854 747 407 10.4403
855 745 411 10.2956
856 745 409 10.198
857 741 409 11.6619
858 743 409 10.198
859 739 411 12.083
860 739 413 13
861 739 413 10.2956
862 737 415 10.2956
863 735 413 11.7047
864 735 413 12.083
865 735 415 12.53
866 737 415 11.1803
867 733 415 12.1655
868 733 417 12.53
870 731 419 13.9284
871 731 419 12.1655
872 727 417 10.6301
873 727 421 11.7047
874 727 419 13
875 727 421 12.7279
876 725 421 13
877 727 421 13
878 725 421 13
879 725 423 12.6491
880 723 423 12.2066
881 725 421 10.198
882 719 425 12
883 721 425 12.53
884 721 425 12.3693
885 719 423 12.53
886 719 425 12.53
887 717 425 13.1529
888 717 425 12.8062
889 715 425 13.4164
890 713 425 13.8924
891 711 425 13
892 707 423 11.1803
893 709 423 14.1421
894 703 421 11
895 705 423 12.3693
896 701 423 13.4536
897 699 421 14.1421
898 695 421 13.6015
899 691 421 13.0384
900 689 421 13
901 685 419 13.0384
902 681 419 13.6015
903 675 421 12.8062
904 675 419 12.3693
905 671 419 14.4222
906 667 419 14.5602
907 659 417 11.4018
908 659 417 13.3417
909 657 419 15.5242
910 651 417 14
911 647 417 13.8924
912 643 417 14.4222
913 641 417 14
914 635 415 11.3137
915 635 417 13.4536
916 631 417 13.9284
917 629 419 12.1655
918 625 417 14.3178
919 621 417 14
920 617 417 14.1421
921 613 415 13.0384
922 611 415 14.3178
923 605 415 13.0384
924 603 415 13.8924
925 605 415 10.8167
926 599 417 14.7648
927 593 417 13.0384
928 589 415 13.8924
929 591 413 11.1803
930 585 415 14.5602
931 581 415 13.4536
932 575 411 11.4018
933 573 413 14
934 571 411 12.3693
935 567 411 12.6491
936 565 413 13.8924
937 561 413 13.4164
938 555 413 14.1421
939 551 413 14.1421
940 547 411 11.7047
941 541 413 13.8924
942 537 415 14.7648
944 525 413 14.8661
945 519 415 13.6015
946 513 413 12.8062
947 511 413 13.4164
948 507 415 13.8924
949 501 415 13
950 499 417 12.0416
951 493 417 14.3178
952 487 415 14.8661
953 485 419 12.1655
954 483 421 10.198
955 477 419 12.1655
956 475 417 9.48683
971 371 341 4.12311
