49 629 277 10.0499
50 627 277 10.0499
51 627 279 10.2956
52 627 279 9.84886
54 623 281 10.4403
55 623 283 10.0499
57 621 285 10.198
58 621 287 10.6301
59 619 289 10.6301
60 619 289 10.6301
61 617 291 12.0416
62 615 293 10.198
64 615 295 11.1803
65 615 297 10.4403
66 611 299 10.0499
67 611 299 10.2956
68 609 301 10.0499
69 609 303 10.4403
70 607 303 10.0499
71 607 305 10.2956
72 605 307 10.198
73 605 309 10.7703
74 605 311 12.3693
75 601 311 10.0499
76 601 313 10.6301
78 599 315 12.1655
79 597 319 10.2956
80 601 319 10.0499
81 595 321 12.7279
82 593 325 11.1803
83 591 327 12.6491
84 587 331 10.6301
85 587 333 12.0416
86 585 335 12.53
88 577 341 10.2956
89 575 343 10.198
90 577 347 12.6491
91 573 351 14
93 569 353 12.6491
94 567 357 13.4536
95 569 357 10.7703
97 561 363 13
98 555 367 11.0454
99 561 369 11.1803
101 553 377 15
102 551 377 14.2127
103 553 381 11.1803
104 549 385 13.6015
105 549 387 12.2066
106 547 391 13
107 543 393 13.4536
108 543 399 13.4536
109 533 399 10.198
110 531 403 10.6301
111 529 405 10.198
112 531 411 14.7648
113 529 413 13.6015
114 529 413 12.53
115 525 415 14.1421
116 527 419 10.6301
117 521 421 13.0384
119 515 425 13.6015
120 513 425 14.3178
121 509 427 15.1327
122 509 433 14.1421
123 505 431 13.6015
124 505 435 13.6015
125 505 439 12.6491
127 493 441 12.2066
129 491 445 16.2788
130 493 449 14.3178
131 493 451 13.4536
132 489 449 17.72
134 487 457 17.2047
135 485 459 18.0278
136 485 459 17.4642
138 485 461 17
139 491 461 11.1803
140 483 463 16.5529
142 483 465 18.3848
143 483 463 16.1245
144 489 463 13.1529
145 485 463 14.3178
146 481 465 15.2643
148 487 467 14.1421
150 493 467 12.0416
151 489 469 16.0312
152 491 469 15.6525
153 491 463 14.3178
154 499 467 12.2066
155 497 463 14.1421
156 495 463 17.6918
157 497 461 17.1172
158 501 459 14.0357
159 497 457 18.2483
160 501 453 16.4924
161 499 449 16.4012
162 501 451 16.1245
163 499 443 15.2971
164 505 443 13.0384
165 497 439 13.4164
166 499 435 16.5529
167 497 433 14.1421
168 499 429 17
169 499 431 14.5602
170 499 425 16.2788
171 495 425 14
172 493 419 15.2971
173 493 415 16.4012
174 493 407 18.4391
175 489 405 17.8045
176 483 403 13.4536
177 483 403 14.3178
178 481 399 17.6918
179 479 397 18.868
180 481 391 14.2127
181 475 385 15.2643
182 475 385 15
183 467 385 15.0333
184 467 379 18.4391
186 459 381 14.3178
187 457 377 18.0278
188 455 379 15.2643
190 447 379 17.0294
191 441 383 13
192 439 381 14.8661
193 435 383 16.4924
194 433 385 15.0333
195 427 383 14.1421
196 425 385 16.4012
197 423 383 13.6015
198 421 387 12.8062
199 415 385 13.4536
200 413 389 12.7279
201 405 387 14.5602
202 401 393 13.0384
204 387 393 10.8167
205 387 395 17.088
206 385 393 14.8661
207 381 395 12.53
208 377 395 12.2066
209 369 393 14.5602
210 367 393 12.6491
211 359 393 16.1245
213 355 395 12.6491
214 349 395 12.7279
216 341 399 10.2956
217 335 395 13.0384
218 333 393 10.2956
245 255 377 9.43398
246 251 375 10.4403
252 241 373 9.84886
265 223 373 8.06226
274 219 369 7.81025
282 217 359 10.0499
284 219 355 9.05539
288 219 347 10
293 219 339 7.81025
295 219 333 8.06226
304 215 325 7.07107
305 213 325 8.544
314 209 321 9.21954
324 221 319 8.94427
325 221 319 10.4403
328 227 315 9.05539
330 231 315 10.6301
333 237 313 10.0499
335 243 311 10
337 249 309 9.21954
338 251 309 9.84886
340 255 309 10
341 259 309 10.0499
342 261 309 9.8995
343 261 307 12.0416
344 267 307 10.198
345 271 307 10
346 275 305 9.48683
347 277 305 10.2956
348 281 307 13
349 287 303 10.198
350 289 303 10.198
351 291 303 11.3137
352 295 301 10
353 297 299 10.6301
354 303 297 10.6301
355 305 297 10.4403
356 307 297 10.7703
358 315 297 10.0499
359 315 295 10
360 317 295 10
361 321 295 11.1803
362 323 293 10.4403
363 325 293 9.8995
364 325 291 10.2956
365 329 291 10.0499
366 329 287 10.2956
368 333 287 10.7703
369 335 287 10.0499
370 335 285 10.4403
371 333 283 10
372 337 283 10.7703
373 337 281 10.4403
374 337 281 10.6301
375 339 279 10.4403
376 339 277 10.2956
377 341 275 10.198
379 341 273 10.0499
380 341 273 10.4403
381 341 271 10.2956
383 341 271 11.4018
384 343 271 10
385 343 267 10.0499
386 343 267 10.2956
387 341 267 10.0499
388 343 265 12.083
389 345 265 11
390 345 265 12.083
392 349 267 10.4403
393 351 267 12.3693
394 351 267 10.6301
395 351 265 10.7703
396 351 265 9.84886
398 357 263 10.7703
399 355 263 10.198
400 359 265 10.198
401 359 261 12
402 361 263 10
403 361 259 12.6491
404 365 257 10.6301
406 367 253 10.198
407 369 251 10.0499
408 369 247 11.7047
409 371 243 12.083
410 371 241 11.4018
411 371 237 14.0357
412 375 235 12.3693
413 379 233 10.6301
414 373 231 10.0499
415 377 225 14.1421
416 381 225 13.3417
417 383 221 12.53
418 383 219 12.083
419 385 217 12.0416
420 389 213 11.1803
421 391 211 10.8167
422 393 209 12.7279
423 395 211 13.6015
424 397 209 13.6015
426 401 205 13
427 403 203 13.6015
428 407 201 13
429 409 205 14.8661
430 415 201 13.4536
433 431 195 12.3693
434 433 197 13.9284
437 449 189 13.4164
438 455 191 14.1421
439 461 189 13.0384
440 465 187 13.3417
442 473 185 12.6491
443 477 185 12.8062
444 483 183 12.2066
446 491 179 12.8062
447 493 177 12.1655
448 497 177 12.1655
449 499 177 10.6301
450 507 177 10.2956
451 509 175 11.0454
452 511 175 11.4018
453 513 173 12.2066
454 517 173 10.7703
455 519 173 11
456 521 171 10.6301
458 525 171 10.8167
459 527 169 10.2956
460 529 169 10.6301
461 529 167 10.198
462 529 167 10.198
463 531 167 11.1803
464 531 167 10
466 535 167 11.1803
468 535 167 11.4018
469 537 167 10
470 537 167 10.198
471 539 167 10
473 541 167 10.8167
474 543 167 9.48683
475 545 167 8.94427
478 549 169 10.8167
479 553 169 8.60233
480 553 169 10.0499
481 555 167 10.2956
484 559 165 9.84886
488 565 163 9.43398
489 567 163 9.8995
490 567 163 9.84886
491 567 165 11.7047
492 569 163 9.84886
493 569 163 9.43398
494 571 165 10
495 569 165 10.2956
496 569 165 9.43398
497 569 165 10
498 571 167 10.0499
499 569 167 10.198
500 567 167 9.21954
501 567 167 9.8995
503 565 169 9.8995
505 563 173 11.0454
506 561 173 9.21954
507 561 175 10
508 559 177 10.198
510 557 181 9.8995
511 555 181 10
512 553 183 10.0499
514 549 185 9.84886
515 547 187 9.43398
516 545 185 10
518 545 189 10.2956
519 543 189 10
521 543 189 10
522 541 189 10
523 537 189 9.43398
524 537 189 10.0499
525 535 189 9.21954
526 537 191 11.6619
528 537 191 11
530 535 191 11.4018
531 535 191 11.4018
533 535 191 10.4403
534 535 191 10.2956
535 531 189 9.43398
536 533 191 11.6619
537 531 189 9.8995
538 531 191 10.0499
539 533 191 10.198
540 533 191 11.7047
541 531 193 11.4018
542 533 193 10.8167
543 533 193 11.1803
544 533 193 10.6301
545 535 195 8.94427
546 533 191 10.198
547 533 191 10
548 535 191 9.43398
549 535 191 10.8167
550 535 189 10.6301
552 535 187 10.0499
553 537 187 10.4403
554 537 187 10.6301
555 537 185 10.2956
557 537 185 10.198
559 537 183 9.8995
560 539 183 10
561 539 183 10
562 541 185 8.94427
563 539 185 10.8167
564 537 183 10.0499
565 537 183 10.0499
566 535 183 9.84886
567 535 183 10.0499
568 537 183 10
569 533 183 9.8995
570 535 183 10
572 533 181 10.0499
573 533 181 10.198
575 531 177 11.0454
576 531 175 10.7703
577 531 171 10.198
578 531 169 10.8167
581 531 159 10.0499
582 533 157 10.2956
584 533 151 10
586 533 145 10.0499
587 535 141 9.48683
588 533 139 9.21954
589 535 137 10.6301
590 533 133 9.43398
591 535 131 10.0499
592 533 127 10.0499
595 533 119 10.6301
596 533 117 10.0499
598 531 111 10
600 527 107 9.21954
601 529 105 9.21954
602 527 103 9.48683
603 525 101 9.8995
604 523 101 9.84886
605 521 99 9.84886
606 521 97 9.48683
608 519 95 9.21954
609 517 93 9.21954
611 515 91 8.60233
615 513 91 9.84886
617 511 91 10.0499
622 511 89 9.43398
623 511 87 10.0499
625 509 89 9.84886
626 509 87 8.544
629 507 89 9.84886
631 507 87 8.06226
632 505 89 9.84886
635 505 87 8.24621
636 503 89 9.48683
637 503 87 8.24621
638 503 89 9.21954
639 503 87 7.28011
640 501 85 8.06226
642 501 85 8
646 499 81 8.06226
653 499 79 8.06226
655 499 79 8.06226
664 495 75 7.07107
666 495 75 7.2111
667 495 75 8
668 495 73 7.81025
673 493 71 7.28011
674 493 71 7.61577
679 493 71 7.81025
682 493 69 7.07107
683 493 69 7.07107
684 493 69 7.07107
687 493 69 7.07107
688 493 69 7.07107
693 493 69 7.61577
701 491 67 6.32456
703 491 67 6.40312
708 489 69 6.7082
710 489 69 6.08276
711 489 69 6.32456
712 489 69 6.32456
713 489 69 6.32456
714 489 69 6.08276
716 487 69 6.7082
719 487 69 6.32456
721 485 69 6.7082
722 483 69 6.08276
723 485 71 7.07107
726 485 69 7
727 485 69 6.40312
731 485 71 7.07107
732 487 71 5.83095
734 487 69 6.32456
737 491 69 6.32456
738 491 69 6.7082
739 491 69 6.7082
740 491 67 6
743 497 69 7.61577
744 497 67 6.7082
746 501 65 6.40312
749 503 61 6.7082
750 505 61 6.32456
751 505 57 6.32456
755 509 53 7.07107
756 511 53 6.40312
758 513 51 6.40312
759 515 49 6
760 515 49 6.7082
761 517 47 6.32456
762 519 47 6.32456
764 521 45 5.83095
765 521 45 7
768 525 43 6.08276
769 525 43 6.08276
771 529 45 7.61577
773 531 45 7.2111
774 531 45 6.40312
775 533 45 7.07107
776 533 45 7.07107
778 535 45 6.40312
779 535 45 6.40312
781 537 45 6
782 537 47 6.32456
783 537 47 6.40312
784 537 49 7.07107
785 537 49 6.40312
787 539 49 6.40312
789 539 51 6.7082
791 539 53 6.40312
793 539 55 6
794 541 57 7.28011
795 541 57 6.32456
796 541 59 6.7082
799 541 63 6.40312
800 543 63 6.32456
801 543 65 6.32456
803 545 67 6.08276
804 545 69 6.08276
806 547 71 6.32456
808 547 75 7.61577
809 547 75 7
810 549 77 7.61577
814 551 81 7.07107
816 553 81 6.7082
817 555 83 6.7082
819 559 83 7
821 563 85 7.2111
823 563 85 7.28011
824 567 85 6.40312
826 567 85 7.07107
827 571 85 6.40312
832 575 87 6.40312
833 579 87 7.2111
834 581 85 6.40312
836 583 87 7.07107
837 581 87 6.7082
839 587 87 6.40312
840 587 87 7.2111
841 589 87 7.61577
842 589 87 7.2111
844 591 87 7.07107
845 593 87 7.28011
846 595 83 10.4403
847 595 87 7.28011
848 597 87 6.7082
850 599 85 6.40312
851 599 85 7.07107
854 601 85 7.28011
858 603 83 6.7082
859 603 83 6
860 607 85 6.32456
861 607 85 6.32456
862 607 85 7
863 609 87 6.32456
864 609 85 7.07107
865 611 85 6.32456
867 611 85 7.61577
869 615 87 6.7082
870 617 87 6.40312
871 615 85 7.81025
872 615 85 7.61577
873 615 85 7.2111
874 617 85 7.61577
875 617 85 7.28011
876 617 85 7.28011
877 619 87 9.43398
879 617 85 6.40312
880 617 85 6.7082
881 619 85 8
882 619 85 7.81025
883 619 87 8.48528
884 619 85 7.2111
885 619 85 7.07107
890 619 87 7.07107
891 619 87 7.07107
892 621 87 8.06226
893 619 87 7.07107
894 621 89 9
895 621 87 8.06226
896 619 89 9.43398
