21 475 383 10.7703
22 475 383 10.8167
23 473 377 13.0384
24 475 375 10.8167
25 475 369 13
26 475 367 10.0499
27 475 365 10.2956
28 473 363 10.7703
29 471 359 12.083
30 473 357 13.3417
31 471 355 12.1655
32 471 355 10.8167
33 471 351 13
34 471 349 13
35 471 345 11
36 469 343 12.8062
37 471 339 10.8167
38 469 341 10.8167
39 473 339 13
40 473 337 13.0384
41 475 333 10.6301
42 473 333 10.198
43 477 331 10.0499
44 479 331 12.53
45 481 331 10.7703
46 483 329 10.6301
47 485 331 10.0499
48 485 325 10
49 489 325 12.083
50 491 327 10
51 491 323 10.2956
52 495 323 10.7703
53 497 321 10.8167
54 501 321 10.2956
55 501 321 10.6301
56 507 321 8.06226
57 509 317 11.3137
58 511 317 10
59 513 317 9.21954
60 515 315 10
61 519 313 10.7703
62 519 313 10
63 521 313 10
64 525 311 9.05539
65 527 309 9.05539
66 529 309 10.0499
67 531 307 9.21954
68 535 309 8.06226
69 535 307 9.21954
70 537 305 9.43398
72 539 303 10.4403
73 543 303 9.21954
74 545 301 8.94427
75 547 301 9.21954
76 549 301 9.43398
77 551 301 8.48528
78 553 299 8.544
79 555 299 9.05539
80 557 299 9
81 557 299 8.06226
84 565 301 8.48528
85 567 301 8.06226
86 571 299 9.48683
88 575 299 8.06226
89 577 299 8.06226
91 581 301 8.06226
92 585 299 8.06226
93 587 299 8.06226
94 587 301 7.61577
95 591 299 8.06226
96 593 299 8.06226
97 595 301 8.06226
98 597 301 8
99 599 301 8
100 601 299 9.43398
101 603 301 9.21954
102 603 301 8.24621
103 605 301 8.24621
104 605 301 8.24621
105 609 301 9.84886
107 611 301 8.24621
108 613 303 8.06226
110 615 303 8.06226
112 619 301 8.544
113 621 301 8.06226
114 621 301 8.06226
115 623 299 8.24621
116 625 301 8.60233
117 625 299 9.05539
118 627 299 8.544
119 629 299 8.544
120 633 301 7.07107
121 633 297 8.06226
122 635 299 8.06226
123 637 299 7.61577
124 637 297 8.544
125 637 295 8.06226
126 641 297 9.43398
128 641 297 8.544
129 641 295 9.21954
130 645 295 8.06226
131 645 295 8.24621
132 645 293 8.06226
133 647 295 9.21954
134 645 295 7.28011
135 645 293 8.06226
136 647 293 8.06226
137 647 291 7.28011
138 649 293 7
140 647 291 7.2111
141 647 291 7.61577
142 647 291 7.61577
143 649 293 7.2111
144 647 291 7.2111
145 647 291 7.2111
146 647 291 7.2111
147 647 291 8.06226
148 647 291 8.06226
149 647 293 6.7082
150 645 289 8.544
151 647 291 9.21954
152 645 289 8.06226
153 643 289 8.06226
154 643 289 8
156 643 287 8.24621
157 641 285 7.07107
158 643 285 7.07107
159 641 281 7.2111
160 641 283 8
161 639 281 7.07107
162 641 281 7.81025
164 641 279 9.21954
165 643 277 9.21954
166 641 277 9.48683
167 641 277 8.60233
168 641 273 8.544
169 641 273 7.81025
170 643 273 8.06226
171 645 271 8.60233
172 645 267 6.7082
174 645 267 8.60233
175 645 267 8.06226
176 649 267 8.06226
177 649 265 8.60233
178 651 263 8.94427
180 651 263 9.84886
182 655 263 9.21954
183 657 263 8.24621
184 657 265 10
185 659 265 9.05539
186 661 265 9.05539
187 663 267 8.24621
188 665 265 7.61577
189 667 269 8.06226
190 669 269 8.94427
191 671 271 8.544
192 673 271 8.24621
193 675 273 8.06226
194 675 275 9.84886
195 679 275 8.24621
196 679 277 9.84886
197 679 277 6.7082
198 685 279 8.24621
199 687 281 8.06226
200 687 281 7.61577
201 691 285 10.198
202 695 285 9.48683
203 695 289 9
204 699 289 8.24621
206 703 291 10
208 711 295 8.94427
210 717 299 8.24621
211 723 301 6.40312
212 725 301 7.2111
213 725 303 9.21954
214 729 305 8.60233
215 733 305 9.8995
216 737 307 9.43398
218 741 309 8.94427
219 743 311 8.06226
222 751 313 8.06226
223 755 313 8.24621
224 757 315 8.24621
225 761 317 6.40312
227 765 319 6.7082
228 769 317 8
229 769 319 7.2111
231 777 319 9.21954
232 779 321 7.2111
234 781 321 8.24621
235 785 323 7.2111
236 785 321 8.06226
237 787 321 7.28011
238 791 323 8.06226
239 791 321 7.28011
240 795 323 7.61577
241 795 321 7.07107
242 797 321 7.28011
243 799 323 8.06226
244 803 323 7.81025
245 801 323 7
246 807 323 8.06226
247 809 323 9.05539
248 809 323 8.06226
249 811 323 8.06226
250 813 325 7.81025
251 815 325 9.43398
252 817 325 9.21954
253 819 325 6.7082
255 821 327 7.07107
256 821 327 7.28011
257 823 327 8
262 831 331 8.06226
263 833 331 8.06226
265 837 335 7.2111
266 837 335 8.06226
267 837 337 6.7082
268 837 335 8
269 839 335 7.61577
270 839 337 8.06226
271 839 337 7.28011
272 841 339 7.28011
273 841 339 8
274 841 339 8.94427
276 843 339 8.06226
279 847 341 8.24621
280 847 341 9
281 849 341 8.24621
283 851 341 8.06226
285 853 339 7.81025
286 855 341 8.06226
287 853 343 9.43398
288 855 341 8.06226
289 859 341 9.84886
291 861 343 8.24621
292 863 343 8.06226
293 865 345 8.48528
295 869 345 8.06226
296 871 345 9.84886
297 871 347 8.60233
298 873 347 8.24621
299 875 347 8.48528
300 877 349 8.60233
301 877 349 7.81025
302 881 349 7.81025
303 881 349 8.60233
304 883 349 8
305 881 351 9.84886
307 883 349 9.21954
308 885 349 8.06226
309 885 349 8.544
310 885 347 10.0499
311 885 347 8.24621
312 885 347 8.544
313 885 347 8.544
314 885 347 8.544
315 883 347 8.544
316 881 345 8.24621
317 881 345 9.43398
318 879 345 9.48683
339 975 251 4.47214
341 975 245 5.83095
349 977 247 6.32456
353 977 249 6.7082
370 893 131 23.4307
377 781 327 10.0499
378 781 327 10
379 781 325 10.0499
380 781 325 10.2956
381 781 325 10.2956
384 781 325 10.6301
385 779 323 10
386 783 325 8.60233
387 783 323 8.544
388 781 323 10.0499
389 779 323 10.6301
390 779 323 10.0499
391 779 321 8.94427
392 777 323 9.48683
393 775 321 10.4403
394 773 321 10.0499
395 771 319 10.2956
396 769 319 10.198
398 767 317 9
399 763 311 8.60233
400 763 311 10.0499
401 763 309 8.544
402 761 305 9.21954
403 759 303 9.21954
404 755 297 10.198
405 755 297 8.544
407 751 289 10.198
408 749 285 10.198
409 747 281 10
410 747 279 10.0499
411 745 275 10
413 743 269 10
415 741 263 10
416 739 261 10.198
417 737 259 9.48683
419 735 255 10
420 731 249 8.60233
421 729 249 9.8995
423 727 245 11.4018
424 725 243 9.05539
425 721 243 10.198
426 721 243 10.2956
427 719 241 10.2956
428 715 239 10
429 713 239 10.2956
430 711 239 9.84886
431 705 235 10.4403
432 699 237 12.0416
433 697 235 10.8167
435 685 231 10.198
436 681 231 10.2956
437 679 229 10.198
438 673 231 12.53
439 667 229 9.84886
440 667 227 10
441 661 229 12.0416
442 657 229 12.1655
443 651 227 10.8167
444 651 229 10.2956
445 645 229 12.6491
446 641 227 12.1655
447 639 225 10.6301
448 633 229 12.8062
449 631 229 13.4164
450 625 229 11.6619
451 623 227 13.6015
452 619 231 13
453 619 229 13.3417
454 615 227 10.7703
455 611 229 11.4018
456 607 231 10.6301
457 607 227 10.0499
458 603 229 13.0384
459 603 233 9.48683
460 603 229 12.8062
461 599 229 10.8167
462 595 231 13.0384
463 593 231 10.4403
464 593 231 11.6619
465 593 229 10.2956
466 589 231 10.6301
467 591 231 12.083
468 589 229 12.8062
469 589 231 11.1803
470 587 233 11.1803
471 585 233 12
472 583 233 12.6491
473 585 233 13.8924
474 581 235 12.53
475 579 233 11.0454
476 575 235 11.7047
477 573 233 13
479 569 233 10.4403
480 565 235 12
481 563 237 10.7703
482 561 233 12.1655
483 559 233 12.2066
484 557 231 11
485 555 235 10.2956
486 553 229 10.8167
487 549 231 13
488 547 231 10.4403
489 545 231 13.6015
491 545 229 12
492 543 231 10.4403
493 543 231 11.0454
495 545 231 12.2066
496 545 231 12.1655
497 545 231 12.0416
498 543 233 10.6301
499 547 233 13.1529
500 541 237 6
506 553 245 10
508 555 253 6.40312
509 557 257 7.2111
510 559 253 10.7703
511 561 259 8.544
512 563 259 11.1803
513 563 259 10.198
514 565 261 10.8167
515 567 263 10.7703
516 569 263 11.3137
517 569 265 10.6301
518 573 265 12.53
520 573 267 11
521 575 265 12.3693
522 577 269 10
523 579 269 9.48683
524 585 271 6.08276
525 583 267 10.198
526 583 267 10.4403
528 581 267 9.48683
529 581 265 10.8167
530 583 265 11.1803
531 583 265 11.4018
532 579 261 7.81025
534 583 261 10
535 587 265 10.7703
536 585 263 12.7279
537 583 259 8.24621
538 589 265 10.6301
539 591 263 10.6301
541 589 265 11.4018
542 589 265 11.6619
543 589 265 12.0416
544 589 267 10
545 587 265 13
546 589 263 12.083
547 587 265 10.6301
548 587 261 13
549 589 261 10.198
550 587 261 12.53
551 587 261 10.4403
552 583 257 11.1803
553 583 259 12.2066
554 583 257 12.7279
555 583 257 12.083
556 581 257 12.0416
557 581 255 12.7279
558 579 257 12.7279
559 581 255 12.0416
560 581 253 13.1529
561 581 253 12.6491
562 581 255 13.4536
563 579 253 10.2956
564 581 251 12
565 583 253 11.6619
566 585 251 12.8062
567 583 251 11
568 589 251 10.2956
569 589 249 13
570 587 251 10.2956
571 589 249 10.8167
572 589 249 14.1421
574 593 243 11
575 591 241 10
577 595 239 9.8995
578 593 233 10.6301
579 597 229 10.2956
580 593 227 10.4403
582 593 219 12.6491
583 597 217 10.4403
584 595 215 12.8062
585 593 211 11.7047
586 591 207 10.6301
588 593 199 10.6301
589 589 199 9.48683
590 591 197 14.1421
591 593 193 13.3417
592 591 187 12.2066
593 593 183 14.3178
595 595 181 13.3417
596 595 177 12.53
597 595 175 12.1655
598 593 173 11.0454
599 599 171 10.4403
600 597 169 13.6015
601 599 163 10.6301
602 599 167 10.198
603 599 161 13.6015
604 601 161 13.1529
605 607 161 10.6301
606 605 159 13.8924
607 607 159 13
608 611 159 12.7279
609 607 157 13.1529
610 613 157 13.4536
611 609 157 13.9284
612 609 157 13.3417
613 609 157 13.6015
614 611 159 12.7279
615 611 159 13.0384
616 611 159 13.0384
617 609 157 14.0357
618 611 155 15.2971
619 609 159 15
620 607 157 17.2047
621 607 157 17.2047
622 611 161 12.6491
623 611 161 13.0384
624 613 161 12.3693
625 613 155 13.4164
626 613 161 14.1421
627 613 163 12.6491
628 613 163 13.0384
629 611 159 13.8924
630 611 161 14.3178
631 613 159 17
632 613 163 15.1327
633 617 161 16.5529
634 617 161 15.2643
635 619 163 18.2483
636 617 165 16.7631
637 617 163 16.0312
638 619 163 16.7631
639 619 163 16.2788
640 621 163 17.088
641 623 163 17.4929
642 623 163 16.9706
643 623 161 17.4642
644 623 161 17.4642
645 623 159 18.3576
646 625 159 18.3848
647 623 159 18.0278
648 623 159 17.4642
649 623 157 17
650 623 159 18.4391
651 623 159 19.105
652 621 159 18.4391
653 621 159 18.6815
654 621 157 18.4391
655 619 157 19.7231
656 621 157 18.868
657 619 157 18.3848
658 619 159 18.7883
659 619 159 18.868
660 617 159 19.7231
661 619 157 20.2485
662 617 159 18.0278
663 619 159 19.2354
664 621 157 19.8494
665 623 159 21.4009
666 621 159 20
667 625 159 18.0278
668 621 157 20
669 621 157 20.2237
670 619 155 18.9737
671 619 155 23.0217
672 621 153 21.6333
673 625 157 18.2483
674 619 155 24.0416
675 619 155 24.0832
676 621 149 19.2094
677 619 149 17.8885
678 621 151 21.3776
679 621 155 23.3452
680 621 153 23.0217
681 623 157 20.6155
682 619 157 23.7697
683 619 153 24.0832
684 619 151 21.2132
685 619 159 22.4722
686 617 155 24.4131
687 615 155 23.3452
688 619 157 22.4722
689 617 157 23.7697
690 617 157 23.4307
691 619 155 25.6125
692 621 157 20.5183
693 615 153 22.6716
694 617 155 25.632
695 621 155 20.8087
696 615 155 23.4307
697 621 157 23.8537
698 617 155 24.3516
699 617 157 23.7697
700 621 159 24.0832
701 623 157 26.9258
702 619 159 27.8927
703 619 159 22.8254
704 625 159 26.1725
705 623 161 26.4008
706 627 161 26.4764
707 629 163 27.7849
708 629 163 27.4591
709 627 167 26.4197
710 629 163 24.5153
711 631 167 25.0799
712 631 167 28.178
713 631 165 28.1603
714 633 167 28.6356
715 631 169 26.9258
716 633 167 27.5862
717 633 167 26.5707
718 635 167 26.9258
719 635 167 27.6586
720 637 167 27.8927
721 637 167 27.4591
722 639 167 26.5707
723 637 169 27.5136
724 639 167 26.4764
725 643 171 22.8473
726 639 165 26.5707
727 643 167 25.02
728 641 169 27.2947
729 643 163 23.3452
730 643 167 24.8395
731 639 167 26.1725
732 639 169 26.8328
733 635 163 23.7697
734 637 161 28.3019
735 631 165 27.4591
736 633 161 27.0185
737 629 163 24.0832
738 627 161 28.2843
739 619 161 25.2982
740 613 159 28.0179
741 615 155 27.6586
742 611 153 27.5862
743 605 149 22.1359
744 601 151 26.1725
745 597 145 24.3516
746 597 145 23.6008
747 591 137 24.7588
748 591 129 28.6007
749 587 125 27.4591
750 583 119 27.7308
751 581 115 27.5862
752 577 113 26.2488
753 575 111 26.2488
754 569 109 26.1725
755 565 105 27.0185
757 557 97 26.4764
758 555 89 23.0217
759 547 89 23.4094
760 545 91 28.6007
761 545 85 26.1725
762 539 85 28.2312
763 537 81 25
764 535 79 23.7697
765 531 75 25.632
766 527 71 24.1868
767 521 75 28.4253
768 515 69 24.0832
769 509 71 24.8395
770 507 73 27.4591
771 503 67 24.1868
772 501 71 23.3452
773 493 69 24.6982
774 493 71 28.1603
775 489 67 23.6008
776 487 69 25.9422
777 483 75 28.2312
778 481 67 22.0227
779 479 75 27.8568
780 479 75 28.0179
781 477 77 24.0416
782 475 79 23.3238
783 471 79 26
784 471 81 27.313
785 471 83 23.7065
786 467 79 22.3607
787 467 85 26.8328
788 463 87 28.4253
789 465 93 24
790 461 93 27.1662
791 463 97 26.6271
792 463 101 28.3019
793 459 101 25.807
794 457 107 26.9258
795 457 111 26.9258
796 457 117 25.807
797 457 123 28.0179
798 457 127 22.8254
799 453 131 27.313
800 447 133 24.2074
801 451 141 22.8473
802 449 145 27.6586
803 445 145 27.2029
804 445 149 24.1661
805 441 155 24.0208
806 439 157 27
807 439 159 26.1725
808 439 163 25.9615
809 439 165 22.8035
810 437 169 23.0217
811 435 169 20.0998
812 433 175 26.4008
813 429 183 25
814 431 179 27.7308
816 427 185 21.9545
817 421 191 22.561
818 419 187 24.5153
819 419 189 24.3311
820 417 195 19.2354
821 415 191 23.0217
822 411 195 27.2029
823 407 189 21.9317
824 403 189 21.0238
825 399 185 17.2627
826 399 191 22.0227
827 403 183 20.025
828 395 189 22.4722
829 397 185 22.2036
830 395 183 23.2594
831 389 185 19.2354
832 393 185 23.7065
833 389 183 21.6333
834 389 183 22.4722
835 385 181 20.2485
836 381 183 20.025
837 385 179 20.2485
838 381 181 21.2603
839 379 181 21.095
840 375 181 18.7883
841 375 179 23.2594
842 379 177 19.2354
843 377 177 20.025
844 375 181 23.7065
845 375 173 18.0278
846 373 173 18.7883
847 373 175 21.4009
848 373 171 20.8806
849 371 171 19.6469
850 371 169 21
851 373 167 19.2354
852 369 167 20.5183
853 369 167 19.2354
854 373 167 23.3452
855 367 165 18.7883
856 367 165 19.6469
857 369 161 19.3132
858 369 161 18.2483
859 365 163 18.9737
860 367 161 18.4391
861 367 163 19.799
862 363 161 21.5407
863 363 165 18.1108
864 363 163 19.3132
865 363 161 19.4165
866 361 163 18.6011
867 361 163 18.868
868 359 163 18.4391
869 359 163 18.868
870 359 163 18.9737
871 359 161 18.7883
872 357 163 18.7883
873 355 163 18.3848
874 357 161 19.4165
875 355 161 19.105
876 353 161 19.6977
877 353 163 18.4391
878 353 163 18.4391
879 355 161 19.4165
880 353 163 17.0294
881 357 159 17.4929
882 357 161 18.6011
883 357 161 18.7883
884 357 161 18.0278
885 359 161 19.4165
886 359 161 18.2483
887 361 159 18.4391
888 361 159 19.2354
889 363 161 19.105
890 365 159 18.6815
891 367 161 19.105
892 369 161 18.6011
893 371 159 18
894 373 159 18.1108
895 373 157 15.2643
896 379 157 19.2354
897 385 157 16.1555
898 383 157 17.2627
899 387 157 17
900 391 155 18.0278
901 395 155 18.6011
902 397 155 18.3848
903 401 153 17.2627
904 403 155 16.2788
905 407 153 18.0278
906 407 151 18.1108
907 411 151 18.3576
908 413 153 19.0263
909 411 151 16.0312
910 415 149 16.4012
911 413 149 13.8924
912 417 151 17.4642
913 419 147 17.0294
914 421 151 18.2483
915 423 147 17
916 425 149 17.0294
917 427 147 15.2315
918 427 149 14.2127
919 425 147 14.8661
920 427 143 17
921 431 143 13
922 429 143 16.0312
923 427 143 13.4536
924 431 139 17.2047
925 431 143 13.6015
926 435 139 13
927 435 141 14.5602
928 437 141 14.8661
929 437 143 15.6525
930 441 145 18.1108
931 441 143 13.9284
932 443 143 13.4164
933 443 137 17
934 443 139 11.7047
935 449 145 13.0384
936 447 143 13.4164
937 453 145 12.2066
938 457 147 10
939 459 147 10.4403
940 459 145 13.4536
942 463 149 13.9284
943 469 149 11.1803
944 471 151 10.4403
945 473 147 10.6301
946 475 151 12.3693
947 477 151 12.8062
948 479 151 12.083
949 481 155 13
950 485 155 12.2066
951 487 157 12.1655
952 489 159 13.3417
953 493 159 11.1803
954 495 163 10.2956
955 497 159 10.2956
956 497 163 13.0384
