63 377 399 11.0454
64 373 399 12.6491
65 369 399 9.21954
66 365 395 10.2956
67 363 395 11.1803
68 359 393 12.0416
69 357 393 10.4403
70 351 391 10.7703
71 349 391 10.2956
72 343 389 10
73 343 387 12.2066
75 335 387 10.198
76 333 385 10.8167
77 329 385 10.2956
78 327 385 10.198
79 325 383 10.7703
80 321 383 10.4403
81 317 383 9.43398
82 317 385 9.43398
83 313 383 10.4403
84 309 383 12
85 307 381 10.6301
86 305 381 10.7703
87 303 381 11.0454
88 301 381 10
89 299 381 10.2956
92 291 381 9.21954
93 289 381 10.6301
94 287 379 10
95 287 379 11.3137
97 281 379 10
98 279 379 10
99 277 379 9.84886
100 273 379 9.21954
101 271 379 9.05539
102 269 379 9.48683
103 267 377 8.06226
104 265 379 9.43398
105 261 379 7.81025
106 259 379 8.24621
107 259 381 10
108 257 381 10
109 255 379 9.21954
110 253 379 9.21954
111 249 379 8.60233
112 249 379 8.60233
113 247 379 8.544
114 245 377 8.94427
115 241 377 8.06226
116 241 377 8.24621
117 241 375 8.06226
118 237 375 7.81025
119 237 373 8.06226
120 235 373 8.544
121 233 373 8.06226
122 231 373 8
123 231 371 8.544
124 231 371 8.06226
125 229 369 8.24621
126 227 371 7.81025
127 227 369 7.81025
128 223 367 8.06226
129 223 367 8.06226
130 221 369 9.21954
132 217 367 9.8995
133 217 365 7.61577
134 217 367 10
136 215 367 9.48683
137 213 365 8.24621
139 213 365 8.06226
140 213 365 7.2111
142 211 365 8.24621
143 211 367 6.40312
145 209 365 7.81025
146 209 365 8.544
147 207 365 8.24621
148 209 365 9.48683
149 205 365 9
151 205 365 8.06226
152 203 365 9.21954
154 205 365 7.81025
155 201 365 7.28011
156 203 365 9.21954
157 201 363 7.28011
158 201 363 10.0499
159 203 361 8.06226
160 203 361 8.24621
161 203 357 10
162 203 359 8.06226
163 203 357 8.06226
164 203 355 8.06226
167 205 351 8.94427
168 207 349 8.94427
169 207 347 9.05539
170 209 345 9.21954
172 211 341 9.21954
173 213 339 8.94427
174 213 339 9.21954
175 215 335 9.21954
176 215 335 10
177 217 333 9.48683
179 221 329 10
181 225 327 9.43398
182 227 325 9.21954
183 229 325 9.21954
184 231 325 9.21954
185 231 325 8.06226
186 235 325 9.21954
187 237 325 9.05539
188 237 325 9.48683
189 241 325 9.21954
190 241 325 10
191 245 325 8.24621
192 245 325 8.544
193 247 325 8.24621
194 249 327 7.61577
195 249 327 7.81025
196 253 327 8.06226
198 257 327 7.81025
199 257 329 8.06226
200 259 329 7.81025
201 261 331 8.48528
202 263 331 7.28011
206 271 331 7.2111
207 273 331 7.07107
208 275 331 7.28011
209 279 331 6.7082
210 279 331 7.28011
211 281 329 7.81025
212 283 331 7.07107
213 287 331 6.32456
214 287 331 7.2111
215 289 331 7.2111
217 295 329 6.32456
218 295 329 7
219 297 329 7.2111
220 299 329 7.2111
221 301 327 6.40312
223 303 327 7
224 305 327 6.7082
225 305 327 7.07107
226 307 327 7.2111
227 309 327 6.7082
228 311 325 7.2111
229 311 325 7.07107
230 313 325 6.7082
232 315 323 7
233 317 323 6.40312
234 317 323 7
235 319 321 6.7082
236 321 321 6.40312
237 321 319 7.07107
238 323 319 6.7082
239 323 319 7.07107
240 325 319 6.40312
241 325 317 7.2111
242 327 315 6.7082
243 327 315 8
245 329 315 6.7082
246 331 313 6.7082
247 331 313 7.07107
248 333 311 6.7082
249 333 313 6.40312
250 333 313 6.7082
251 335 311 7.2111
252 335 311 7.07107
253 335 313 6.40312
254 337 311 7
255 339 311 6.08276
257 341 311 6.08276
258 341 311 6.08276
261 345 311 6.40312
262 345 311 6.40312
263 345 311 6.40312
264 345 311 6.40312
287 373 307 4.47214
288 375 305 5.65685
290 379 305 5
293 383 303 4.24264
297 391 303 4.12311
299 393 301 4.24264
351 403 303 7.61577
353 405 305 8.06226
354 405 305 7.81025
355 407 305 8.24621
356 407 307 8.06226
357 409 307 9.43398
358 407 307 7.61577
359 409 309 6.7082
360 411 307 8.94427
362 411 311 10.198
364 413 309 8.06226
365 413 309 8
366 413 307 7.81025
367 415 309 7.81025
368 417 309 7.28011
369 417 309 7.28011
370 417 305 7.07107
372 421 307 7
373 421 305 7.2111
376 423 303 8
377 427 303 10.6301
378 423 303 7.2111
379 425 301 9.43398
380 429 303 10.6301
381 429 303 9.84886
382 429 303 9.84886
383 429 301 8.94427
384 429 301 9.43398
385 431 301 8.48528
386 431 301 8.544
387 431 301 8.24621
388 431 301 8.06226
390 431 301 8.06226
391 431 299 8.544
392 431 299 8.48528
393 431 301 8.544
394 429 301 9.21954
395 429 301 8.48528
396 427 299 8.94427
397 425 299 8.94427
398 425 299 8.06226
399 423 299 8.06226
401 423 295 10
403 415 289 6
404 417 291 6.40312
405 413 289 9.43398
406 413 283 5.09902
411 407 271 5
413 405 267 5.83095
414 403 267 8
417 401 263 9.21954
418 399 263 10.198
419 403 263 6.32456
420 399 259 10.4403
421 399 259 9.05539
422 399 257 9.84886
423 399 257 9.84886
425 399 255 10
426 399 255 9.05539
427 399 255 9.21954
428 401 253 9.84886
429 401 253 10
431 401 253 10
432 403 253 10.2956
433 403 253 10.198
434 405 253 10.198
436 405 253 10.198
437 407 255 10.198
438 409 255 10.6301
439 411 255 10.8167
440 413 253 10.0499
441 415 255 11
442 417 255 11.0454
443 421 255 11.1803
444 423 257 10.2956
445 425 255 10.7703
446 427 257 11.1803
447 431 259 10.4403
448 433 259 10.6301
449 437 261 9.21954
450 439 261 10.198
451 443 261 13.3417
452 445 261 13
455 453 263 10.4403
456 457 261 11.7047
457 461 263 12.3693
458 465 263 13.1529
459 469 263 10.7703
460 471 263 10.7703
461 473 263 11.1803
462 477 263 10.198
463 475 265 12.53
464 479 263 11.0454
465 477 263 12
466 477 265 10.6301
467 479 265 11.0454
468 481 263 12
470 485 263 10.8167
471 487 265 12.53
472 487 267 13.0384
473 487 267 12.2066
474 489 269 13.3417
475 489 271 10.6301
476 491 271 13.3417
477 491 269 10.8167
478 491 271 12.53
479 491 271 12.0416
480 493 273 11.7047
481 495 273 12.8062
482 495 273 11.6619
483 495 273 13.0384
484 499 273 10.0499
485 495 273 10.4403
486 497 271 13
487 495 269 10.198
488 499 271 12.8062
489 497 273 10.4403
490 497 273 10.198
491 497 273 10.4403
492 499 273 12.083
493 497 273 12.1655
494 497 275 10.6301
495 499 273 13.6015
496 497 275 12.1655
497 497 275 12.0416
498 493 275 11.1803
499 495 273 11.4018
500 497 277 10.4403
501 491 277 11
502 493 277 12.6491
503 495 279 11.1803
504 493 279 12.8062
505 495 281 11.6619
506 495 283 11.0454
507 495 285 12
509 497 289 10.198
510 493 289 10.8167
511 497 289 13.0384
512 497 293 13.0384
513 495 293 10.6301
514 497 293 12.6491
515 499 297 10.6301
516 499 295 10.6301
517 499 299 10.198
518 499 297 11.4018
519 499 297 11.1803
520 497 297 12
521 499 299 10
522 495 297 12.3693
523 495 297 11.1803
524 493 295 10.198
525 493 295 11.4018
526 495 295 12.2066
527 493 295 11.7047
528 493 297 10.198
530 489 295 10.6301
531 489 295 12.3693
532 489 293 11.4018
533 491 295 10.4403
534 489 295 13
535 489 295 10.4403
536 489 291 10.2956
537 485 293 13.3417
538 487 291 10.7703
539 485 293 11.0454
540 483 293 10.4403
541 487 297 9.21954
542 485 297 10.198
543 485 297 10.2956
544 485 297 10.2956
545 485 293 10.4403
546 485 293 10.7703
547 483 293 12.6491
548 483 293 11.3137
549 485 295 10.0499
550 487 293 13
551 487 291 13
552 487 289 10.4403
553 487 289 11.7047
554 485 289 10.198
555 487 287 10.198
556 491 289 10.2956
557 491 289 10.0499
558 491 287 10.198
559 487 289 14.0357
560 491 287 12.53
561 487 287 10.8167
562 489 285 10.4403
563 489 287 10.7703
564 487 283 10.6301
565 487 283 10.198
566 483 283 12.7279
567 483 285 10.7703
568 483 285 10.6301
569 483 283 12.2066
570 481 283 11.4018
571 479 283 10.4403
572 479 281 13.3417
573 477 281 14.2127
574 477 277 10.8167
575 479 273 10.6301
576 479 271 10.7703
577 475 269 10.2956
578 481 265 9.48683
579 475 261 11.7047
580 479 259 11
581 477 257 10.6301
582 479 251 10.198
583 479 249 10.6301
584 483 247 11.4018
585 481 245 10.4403
586 483 241 12.0416
587 485 241 10.198
588 487 237 10.6301
589 489 231 13.3417
590 493 229 13.4536
591 495 225 12.6491
592 495 219 10.198
593 497 221 12.8062
594 497 217 12.8062
595 503 215 13.3417
596 503 213 11.4018
597 509 207 10.198
598 511 205 12.1655
599 513 205 10.0499
600 519 201 10.7703
602 527 199 10.4403
603 527 197 10.198
604 531 197 10.2956
605 535 195 11.0454
606 539 195 12.2066
607 545 191 10.198
608 549 191 12.7279
609 551 189 10.6301
610 553 191 11.3137
611 557 191 12.7279
612 561 187 9.8995
613 565 191 10.4403
614 567 191 12.1655
615 571 189 10.8167
616 575 189 10.4403
617 579 191 12.0416
618 581 193 9.8995
620 585 189 9.48683
621 591 191 10.6301
622 593 191 10.7703
623 597 189 9.21954
624 597 191 11.1803
625 601 191 10.4403
626 603 191 10.4403
627 605 191 10.4403
629 609 193 10.198
630 613 193 10.198
631 615 193 10.6301
632 615 193 10.0499
633 619 193 10.4403
634 619 193 10.0499
635 621 193 10
636 625 195 10.198
637 625 193 10
638 629 195 10.7703
639 631 193 10.0499
640 633 193 10
641 635 193 10
643 643 193 11.0454
644 645 193 10.0499
645 647 191 10.198
646 651 193 9.43398
647 653 191 10.0499
648 657 191 10.2956
649 659 191 10
650 663 191 10.4403
651 665 191 10
652 669 191 10
653 671 191 10
654 675 191 10.198
656 681 191 9.8995
657 685 193 10
658 689 193 9.43398
659 693 193 9.43398
660 695 191 9.84886
661 699 193 10.0499
662 701 193 10
663 705 193 10.0499
664 709 193 9.48683
665 713 193 8.94427
666 715 191 9.43398
667 719 191 10.2956
668 723 193 9.21954
669 727 193 8.60233
670 729 191 10
671 733 191 8.60233
672 735 191 9.84886
673 739 191 9.48683
674 741 191 9.84886
675 745 193 8.94427
676 747 193 9.21954
677 751 191 10.6301
678 753 193 8.94427
679 755 193 9.43398
680 757 193 9.48683
681 759 193 9.05539
682 763 193 10.0499
684 767 195 8.94427
687 773 195 9.21954
689 775 195 9.84886
690 777 195 9.84886
691 777 195 9.84886
692 779 195 9.84886
693 779 195 9.43398
694 781 195 9.84886
695 783 197 9.21954
696 783 197 9.84886
697 783 197 10
698 785 197 9.43398
699 785 197 9.21954
700 785 197 9.8995
701 783 195 8.06226
702 787 197 9.43398
703 789 199 8.48528
704 787 197 9.8995
705 789 197 10.6301
706 789 197 9.84886
707 789 199 10
708 789 199 10
709 791 199 9
711 791 201 9.43398
712 793 199 10.4403
713 793 199 10.6301
714 791 201 9.8995
716 793 201 10.6301
717 793 201 10.8167
718 791 201 10.2956
719 791 201 10.2956
720 791 201 9.48683
721 789 201 10.0499
722 791 199 10.4403
723 789 201 8.544
725 787 201 8.544
726 785 199 9.8995
727 785 199 9.43398
728 783 199 9.05539
729 783 199 9.8995
730 783 199 8.94427
731 781 199 9.21954
733 779 197 9.48683
734 779 197 10
735 779 197 10
736 779 197 9.21954
737 779 197 9.43398
738 779 197 9.8995
739 781 199 8.48528
740 779 197 9.48683
741 781 197 9.43398
742 781 197 9.05539
743 781 195 9.84886
744 783 195 9.05539
745 783 193 10
746 785 193 9.21954
747 785 189 9.48683
748 785 189 10.198
749 787 187 9.21954
750 787 185 10
751 789 183 10
752 789 181 10
753 791 179 10
754 791 177 9.48683
755 793 177 10.0499
756 793 175 10.0499
757 795 173 9.8995
758 797 175 9.21954
759 799 173 8.60233
760 799 173 9.8995
761 799 169 10.2956
762 801 169 10.0499
763 801 167 10.2956
764 803 167 10.198
765 803 165 10
766 805 165 10.198
767 807 165 10.198
768 807 165 10.198
769 807 167 12.3693
770 811 165 10.2956
771 813 165 10.2956
772 815 167 9.84886
773 815 167 10.198
774 819 167 8.94427
775 821 167 8.24621
776 819 167 10.6301
777 819 167 10.6301
778 823 169 8.94427
779 821 169 10.4403
780 821 169 10.4403
781 821 169 10.2956
782 823 171 10
783 823 171 10.2956
784 823 173 10.198
785 823 173 10.2956
786 825 175 9.21954
787 825 177 9.84886
788 823 175 10.0499
789 825 179 10.198
790 825 179 10.7703
791 827 181 11.1803
792 827 183 10.7703
793 825 187 9.21954
794 827 187 11.1803
795 825 189 10.6301
796 825 191 10.8167
797 825 193 11.0454
798 825 195 11.0454
800 825 201 9.21954
801 825 201 10.6301
802 825 203 10.7703
803 825 207 10
804 823 205 12.083
805 823 207 10.8167
806 823 211 10.7703
807 823 213 10.0499
809 821 217 10
810 819 215 10.2956
811 821 219 10.6301
812 819 221 10.6301
813 817 221 10.198
814 819 227 9.21954
815 817 225 11.1803
817 815 225 10.6301
818 815 229 11
819 813 229 10.8167
821 813 231 10.8167
822 811 231 12.7279
823 811 229 11.1803
824 809 231 11.4018
825 809 231 10.7703
826 805 227 10.0499
827 805 227 10.0499
828 805 231 11.1803
829 805 231 11
830 801 229 12.7279
831 801 231 12.3693
832 801 229 11.7047
833 801 229 12.1655
834 799 231 12.8062
835 799 229 12.3693
836 797 231 12.53
838 797 231 12.0416
839 795 229 12.2066
840 795 229 12.8062
841 793 231 11
842 793 231 12.7279
844 793 229 12.3693
845 791 227 13
846 791 227 13.3417
847 791 227 13.3417
848 787 225 12.53
849 789 227 10.2956
850 785 225 13.0384
852 781 221 10.7703
853 781 221 12.083
854 781 221 12.8062
855 781 221 13.0384
856 781 221 13.0384
857 781 225 10.4403
858 779 221 13.0384
859 779 221 12.6491
860 777 221 13.0384
861 777 221 12.8062
862 775 221 13.4164
863 775 221 13.0384
864 773 221 13.4536
865 773 223 12.8062
866 771 223 14.2127
867 773 223 12.6491
868 769 221 13.4164
869 769 221 13.4536
870 767 223 13.6015
871 765 225 17.4642
872 769 223 13.0384
873 769 221 13.3417
874 769 221 12.8062
875 767 221 13.6015
876 769 223 12.53
877 769 223 12.53
878 767 221 13.9284
879 767 221 13.4536
880 765 221 13.9284
881 765 221 14.0357
882 767 223 10.7703
883 765 221 15
884 761 217 10.6301
885 761 221 13.1529
886 757 221 13.9284
887 755 219 13
888 755 221 13.0384
889 751 221 13.4164
890 749 221 14.8661
891 747 219 13.4164
892 743 219 13.4164
893 743 217 11.4018
894 741 219 15
895 737 221 10.8167
896 733 219 12.3693
897 729 217 13
898 725 215 13.4536
899 721 215 12.8062
900 717 213 13.4536
901 715 213 15.8114
902 709 211 13.6015
903 705 211 13.4164
904 701 211 13.1529
905 699 211 11.1803
906 693 209 13.6015
907 687 207 13.4536
908 685 207 14.3178
909 683 209 10.7703
910 679 209 10.7703
911 673 205 14.5602
912 669 207 12.1655
913 665 207 12.1655
914 659 203 13.4164
915 657 207 12.1655
916 653 207 12
917 647 203 13.9284
918 643 203 14.0357
919 641 203 13.4164
920 635 197 10.2956
921 629 199 11.4018
922 629 199 14
923 625 199 13.6015
924 621 197 13.4164
925 621 199 12.2066
926 615 195 12.6491
927 609 195 11.7047
928 609 195 13.8924
929 603 199 11.3137
930 599 193 12.1655
931 599 197 12.1655
932 593 191 17.1172
933 587 195 14
934 585 197 12.2066
935 579 193 12.1655
936 573 195 14.1421
937 569 197 13.3417
938 561 195 13.4164
939 557 195 13.0384
940 549 199 17.8045
941 547 199 14.5602
942 543 201 13.3417
943 535 203 14.7648
944 533 203 12.0416
945 525 201 13.6015
946 519 203 13.8924
947 517 205 13
949 503 203 12.8062
950 501 203 10.4403
951 495 207 13.6015
952 491 211 12.8062
953 485 215 18.0278
954 481 207 18.0278
955 475 213 14.1421
956 473 215 14.1421
957 465 215 12.8062
958 461 219 14.2127
959 457 221 15
960 457 219 13.0384
961 453 227 10.0499
962 447 223 14.3178
963 445 229 10.0499
964 439 225 14.2127
965 433 225 12.083
966 431 229 15.2971
967 427 229 15
968 425 227 14.0357
969 423 231 10.7703
970 419 225 14.3178
971 415 225 13.6015
972 411 227 15.2643
973 407 223 12.53
974 409 225 12.0416
975 405 221 14.3178
976 401 221 15.2643
977 397 215 13.4536
978 399 219 11.4018
979 395 213 14.1421
980 397 209 10.6301
981 391 209 14.2127
982 393 205 11.1803
983 389 205 13.9284
984 389 205 11.3137
