21 455 195 10.4403
22 453 189 13.4164
23 453 187 13.1529
24 455 183 12.1655
25 455 179 12.2066
26 455 175 12.2066
27 455 173 13.0384
28 455 169 13.0384
29 455 167 12.8062
30 459 165 10.8167
31 459 163 12.083
32 459 161 12.083
33 459 159 12.53
34 461 157 12.0416
35 461 155 12.2066
37 463 153 12.7279
38 463 151 13
39 467 153 9.84886
40 467 149 12.2066
42 471 147 12.3693
43 471 147 10.6301
44 475 147 11.1803
45 477 147 10.8167
46 479 147 12.3693
47 481 147 10.6301
48 485 145 10.198
49 487 145 10.7703
50 489 145 10.0499
51 491 145 10.198
52 493 145 10.198
53 495 143 9.48683
54 495 145 10.198
55 497 143 11
56 497 143 10.7703
57 499 143 11
58 503 143 11.1803
59 503 143 10.8167
60 507 143 10.8167
61 509 143 10.7703
62 511 143 10.8167
63 513 143 11.3137
64 517 141 9.21954
65 515 139 12.1655
66 521 141 10.0499
67 523 141 10
68 525 141 10
69 527 139 10.2956
70 529 139 10.2956
71 531 139 10.6301
72 533 139 9.84886
74 537 139 10.0499
75 543 137 6.7082
76 543 139 9.43398
77 545 139 10.0499
78 547 137 11
79 551 139 10.0499
80 553 139 10
82 559 141 10.6301
83 565 141 10.0499
84 567 143 8.94427
85 573 141 13.0384
86 573 143 9.8995
87 577 145 8.94427
88 579 145 10
89 583 145 10.6301
90 585 145 9.8995
91 587 145 9.43398
92 591 147 9.84886
95 599 149 9.43398
96 601 149 9.43398
97 603 151 9.21954
98 605 151 9.21954
99 609 151 10.2956
100 609 151 10.0499
101 611 151 10.4403
102 613 153 9.43398
103 615 153 9.84886
104 617 153 9.21954
105 617 153 9.05539
106 619 155 9.8995
107 621 157 9.21954
108 621 157 10
109 621 157 9.84886
110 623 157 10.7703
111 625 159 8.94427
112 625 157 10.2956
113 627 157 9.84886
114 627 157 10.2956
115 629 157 9.8995
116 629 157 10.2956
117 631 157 10.198
118 633 157 9.84886
119 633 157 10
120 635 157 9.8995
121 635 157 10
122 637 157 9.8995
123 639 157 10
125 641 157 10
127 643 157 9.43398
128 643 157 10.198
129 645 157 9.84886
130 645 157 9.84886
131 645 157 9.8995
132 647 157 9.43398
133 647 157 9.48683
135 649 157 9.05539
137 649 157 9.43398
138 651 157 8.544
139 651 157 9.05539
140 651 157 8.60233
142 653 155 9.21954
143 653 157 10.6301
144 653 155 9.43398
145 653 155 9.21954
146 653 155 9.43398
147 653 155 9.21954
148 653 155 9
149 653 157 8.544
150 653 155 9.21954
151 653 155 9.43398
152 651 155 9.48683
153 651 155 9.48683
154 651 153 9.84886
155 651 153 9.48683
156 651 151 9.48683
157 651 151 9.21954
158 651 151 9.21954
159 651 149 9.43398
160 651 149 9.21954
161 653 147 9.43398
162 653 145 9.48683
163 655 145 10.7703
164 655 143 9.8995
165 657 143 10
166 655 143 8.06226
167 657 139 10
168 659 139 9.84886
169 661 137 9.48683
171 663 135 10
172 665 135 9.21954
173 667 133 10
174 667 133 8
175 671 131 10
176 673 129 10.198
177 675 129 10
178 677 127 10.0499
179 679 127 9.43398
180 679 125 9
181 679 127 11.1803
182 683 125 9.84886
183 683 127 10.198
184 687 127 10.7703
185 687 127 9.8995
186 691 127 9.21954
187 691 129 10
189 695 131 9.21954
190 697 131 9.48683
191 697 131 10.2956
192 699 133 9.43398
193 701 133 9.84886
194 701 135 9.21954
195 703 135 9.43398
196 703 137 9.48683
197 705 137 9.43398
198 707 141 8.94427
199 709 141 10.0499
200 711 141 10
202 715 145 9.84886
203 717 147 8.06226
204 721 149 7.81025
205 723 149 9.21954
206 725 153 8.94427
207 729 155 6.7082
208 731 153 7.81025
209 735 155 7.07107
213 745 161 7.81025
214 747 161 6.7082
215 751 163 7
216 753 165 7.2111
219 759 169 6.40312
220 763 167 9
221 763 167 8.06226
222 765 167 7.28011
225 773 171 9.21954
226 775 167 6.32456
227 781 171 10.7703
228 781 171 8.24621
230 787 173 8.06226
231 789 173 8.06226
232 791 173 9.84886
233 791 175 8.06226
234 795 177 7.61577
235 797 177 7.61577
239 805 175 8.94427
240 807 175 8.60233
241 809 173 9.8995
242 809 175 8.24621
243 811 175 8.24621
244 813 173 10
245 813 175 8.94427
246 815 173 10.0499
247 815 175 9
248 817 175 8.24621
249 819 175 9.43398
250 819 175 9.05539
251 819 175 8.24621
252 819 177 8.06226
253 821 177 8.24621
254 823 175 10
256 827 177 9.21954
257 827 179 8.24621
258 829 177 8.06226
259 829 179 8.24621
261 835 181 8.06226
262 837 181 10.0499
263 837 181 9.21954
264 839 183 8.60233
265 841 183 9.21954
266 843 185 8.24621
267 843 185 8.94427
268 843 185 8.48528
269 847 185 8.06226
270 849 185 9.8995
271 849 187 9.21954
272 851 187 9.21954
273 853 187 10.0499
275 855 187 9.48683
276 859 189 7.28011
277 859 189 9
278 861 189 8.06226
279 863 189 8
280 863 189 8.60233
281 865 189 8.24621
282 865 189 8.94427
283 867 187 10.0499
284 869 187 8.06226
285 867 187 10.2956
286 871 185 10.4403
287 871 185 9.43398
288 873 187 9.05539
289 875 185 9.21954
290 877 185 9.48683
291 877 187 9.21954
292 881 185 10.7703
293 879 183 10.0499
294 879 185 12.2066
295 883 185 9.84886
296 883 185 12
297 887 187 9.21954
298 887 185 9.21954
299 891 187 9.21954
300 891 187 10.0499
301 893 187 10.198
302 895 187 11.0454
303 895 187 9.8995
304 897 187 9.21954
305 897 187 9.43398
306 897 185 9.84886
307 897 185 9.21954
308 899 187 10.2956
309 899 185 10.4403
311 899 185 8.60233
313 897 185 9.43398
314 897 185 10.198
315 895 183 10.2956
316 895 183 10.8167
317 893 183 10
318 893 183 9.21954
320 891 181 9.21954
322 889 179 11
323 887 177 11.1803
324 885 177 9.8995
325 885 177 10.2956
326 883 177 9.43398
327 883 175 10.6301
328 879 175 10.198
329 879 175 9.21954
330 877 173 10.8167
331 875 173 10.8167
332 875 173 10.198
333 873 173 9.21954
334 871 171 10
335 869 171 9.8995
336 867 171 10
337 865 171 10
338 863 171 10.198
339 861 171 10.2956
340 859 171 10.4403
341 859 173 8.24621
342 857 171 9.21954
343 853 171 10.0499
344 849 169 10.0499
345 847 169 10.0499
347 843 165 9.8995
348 841 169 9.84886
349 839 167 11.4018
350 835 167 10.198
351 833 165 10.6301
352 829 165 10.7703
353 827 165 10.198
354 825 165 10
355 821 163 11.7047
356 821 163 10.2956
357 819 165 10.0499
358 817 165 9.43398
359 817 165 10
360 815 163 11.0454
361 813 159 10.0499
362 813 161 11.1803
363 813 159 10.198
364 813 161 10.4403
365 811 161 12.3693
366 811 157 10
367 813 159 12.0416
368 811 159 11.1803
369 811 157 10.0499
370 811 159 10.6301
371 811 157 12.1655
372 811 157 12.1655
373 813 157 11.1803
374 815 159 10.2956
375 815 159 10.6301
376 819 157 14.0357
377 819 157 10
378 819 157 11.1803
379 821 157 10.2956
380 819 155 10.6301
381 821 157 12.7279
382 823 157 11.0454
383 825 155 13
384 825 155 12.1655
385 825 157 11
386 827 155 12.2066
387 829 153 14.3178
388 827 155 12.2066
389 827 159 10.6301
390 825 155 13.1529
391 827 157 12.083
392 827 161 10.4403
393 827 157 10.4403
394 827 161 12.6491
395 825 163 11.4018
396 825 163 12
397 827 165 8.94427
398 821 167 13.1529
399 823 165 13.4164
400 819 171 11.6619
402 817 175 11.1803
403 813 173 11.6619
404 815 177 10.6301
405 811 181 12.8062
406 809 183 14.0357
407 807 183 11.1803
408 809 187 13.4164
409 805 191 13.0384
410 805 197 14.8661
411 805 201 13.8924
412 803 205 14.4222
413 803 209 12.8062
414 801 211 13.4164
415 801 213 15.5242
417 799 225 10.2956
418 795 227 12.3693
419 789 227 13
420 787 233 12.6491
422 787 237 13.4536
423 781 243 13.3417
424 779 245 13.0384
425 779 243 13.6015
427 773 247 13.1529
428 771 249 14.4222
429 769 249 14.4222
430 765 247 15.0333
431 767 249 13.4536
432 765 249 14.2127
433 765 249 14.2127
434 765 253 10.6301
435 765 249 14.2127
436 769 251 10.4403
437 767 249 14.0357
438 767 249 14.4222
439 765 249 13.6015
440 769 247 13.0384
441 769 247 13.1529
442 767 249 14.3178
443 767 249 14.7648
444 769 251 15.0333
445 767 249 15.2971
446 769 251 12.53
447 767 251 13.3417
448 769 247 13.1529
449 767 249 14.5602
450 769 251 17.0294
451 767 249 14.8661
452 765 249 13.6015
453 763 253 14.7648
454 763 255 15.2315
455 765 255 12.8062
456 759 253 13.0384
457 761 259 12.6491
458 761 257 17.2627
460 759 259 13
461 753 259 15.8114
462 751 259 16.1245
463 753 265 12.3693
464 751 263 18.0278
465 743 263 16.6433
466 743 261 13.6015
467 743 265 14.1421
468 739 265 14.2127
469 733 263 14.1421
470 731 265 14.5602
471 727 265 14.3178
472 723 269 17.088
473 719 269 16.1245
474 717 271 14.8661
475 709 273 14.8661
476 703 273 17.0294
477 697 273 18.1108
478 693 273 17.0294
479 687 273 17
480 683 271 17.6918
481 677 273 18.2483
482 671 271 17.088
483 667 269 17.4642
484 659 269 18.6011
485 655 269 18
486 651 267 16.5529
487 643 267 18.4391
488 641 267 18.4391
489 635 267 18.9737
490 627 265 18.6011
491 623 265 18.4391
492 617 265 19.105
493 611 261 17.4929
494 605 261 18.1108
495 597 261 18.6815
496 589 259 19.0263
497 581 255 18.3848
498 577 257 18.6815
499 569 253 18
500 561 253 18.6815
501 557 251 16.4924
502 551 245 15.2971
503 547 243 14.3178
504 539 239 18.0278
505 533 233 19.4165
506 527 231 17.8045
507 519 225 14.2127
508 517 225 14.7648
509 515 217 17.72
510 513 213 17.4642
511 511 209 16.5529
512 507 205 16.6433
513 507 201 17.2627
514 505 197 17.4929
515 505 195 17.1172
516 503 191 16.9706
517 505 189 16.5529
518 503 187 16.6433
519 501 185 14.2127
520 505 185 17.2047
521 507 183 16.1555
522 505 183 16.1245
523 507 185 16.1245
524 509 185 16.4924
525 511 185 17.0294
526 513 187 18.1108
528 519 187 16.9706
529 519 189 15.0333
530 525 189 16
531 529 189 15.8114
532 529 191 15.6205
533 535 187 13.4536
534 539 193 17
535 543 195 16.1245
536 547 197 16.9706
537 553 197 16.2788
538 557 199 16.4924
539 563 201 14.8661
540 563 203 20.2237
542 573 205 19.8494
544 585 207 14.2127
545 591 213 15.5563
546 599 215 18.0278
547 603 219 17.4642
548 609 223 18.6011
549 613 225 18.9737
550 617 227 18.4391
551 623 233 18.3848
552 627 233 18.9737
553 631 237 19.2354
554 637 239 18.868
555 641 243 19.4165
556 645 243 18.0278
557 651 247 19.3132
558 653 251 14.3178
559 657 251 17.0294
560 663 253 17.4642
561 667 257 19.2094
562 671 257 18.7883
563 677 261 18.4391
564 685 263 12.8062
565 685 267 16.4012
566 687 271 18.3848
567 689 273 18.1108
568 695 273 18.1108
569 697 275 16.7631
570 701 277 16.4924
571 703 279 16.7631
572 703 281 18.0278
573 705 289 23.5372
574 709 285 17.0294
575 711 283 13.6015
576 713 291 16.6433
577 717 289 21.9545
578 715 297 16.6433
579 715 299 16.1555
580 715 303 16.2788
581 717 307 17.088
582 717 311 14.4222
583 715 317 14.3178
584 711 317 14.2127
585 715 321 14.2127
586 709 323 14.1421
587 713 327 17.2047
588 707 329 14.5602
589 707 335 13.6015
590 709 333 13
591 703 341 15.2315
592 701 341 16.4012
593 699 343 16.4012
594 699 347 17.4929
595 693 351 14.8661
596 691 353 16.6433
597 691 355 17.088
598 687 359 14.8661
599 685 357 14.4222
600 685 361 13.4536
601 679 367 13.3417
602 677 363 13.6015
603 673 365 14.3178
604 671 369 14.7648
605 665 373 14.0357
606 665 377 17.2047
607 659 377 14.0357
608 659 377 14.3178
609 657 379 13
610 651 381 14.4222
611 649 383 13.8924
612 645 385 15.1327
613 643 385 14.1421
614 641 387 14.4222
615 639 389 14.1421
616 641 391 11.4018
617 637 389 13.0384
618 635 391 14
619 631 395 14.2127
620 631 397 15.2643
621 627 395 14.1421
622 625 397 14.3178
623 625 397 13.9284
624 621 401 14.0357
625 619 403 13.3417
626 621 405 17.4642
627 621 405 12.7279
628 615 405 14.1421
629 615 409 14.1421
630 617 409 13
631 613 413 14.4222
632 609 413 13.9284
633 611 413 15
634 609 415 15.8114
635 609 415 14.2127
636 607 421 14.8661
637 605 419 16.4012
638 607 421 14.7648
639 603 421 14.2127
640 603 425 16.1555
641 599 423 14.3178
643 597 427 16.6433
644 595 429 16.1245
645 595 429 17
646 591 431 15
647 595 433 14.3178
648 593 433 16.9706
649 593 435 16.1555
650 591 435 17.6918
651 591 437 17.4929
652 589 439 17.0294
653 589 439 17.4929
654 589 441 17.2047
655 587 443 17.6918
656 585 445 18.0278
657 583 447 17.8045
658 583 449 19.105
659 581 449 18.0278
660 579 449 18.9737
661 583 451 14.8661
662 577 455 18.0278
663 579 457 19.6977
664 579 461 16.2788
665 577 461 18.3576
666 577 461 18.4391
667 581 465 14.7648
668 577 465 18.7883
669 577 467 18.1108
670 577 469 18.4391
671 573 469 20.025
672 575 473 18.4391
673 575 475 18.3848
674 569 479 16.2788
675 573 477 21.587
676 571 481 19.6977
677 575 485 20.5183
678 577 487 17.8045
679 573 491 21.587
680 573 493 21.2603
681 571 495 19.7231
682 573 497 21.2603
683 575 505 18.0278
684 571 501 24.5153
685 575 507 22.8035
686 573 507 20.0998
687 577 505 18.3848
688 579 509 18.4391
689 577 517 18.868
690 581 515 18.868
692 577 515 23.4307
693 577 521 20.2485
694 577 517 23.3452
695 577 519 22.8254
696 577 525 19.6469
697 577 521 20.2485
698 577 527 20.6155
699 577 529 19.0263
700 575 527 23.3452
701 573 529 21.2132
702 579 529 21.2132
703 581 529 20.2485
704 575 533 21.0238
705 577 533 23.0868
706 581 539 27.6586
707 585 535 21.8403
708 583 533 26
709 585 539 23.7697
710 589 537 20.025
711 587 541 24.0832
712 593 543 20.2485
713 589 539 19.105
714 597 537 20.3961
715 597 543 22.3607
716 601 541 21.095
717 599 541 24.0416
718 605 547 18.3576
719 611 543 19.4165
720 603 539 18.3848
721 611 545 26.0192
722 613 539 21.8403
723 615 541 21.1896
724 611 537 18.3576
725 617 541 21.2132
726 617 537 24.0416
727 617 539 22.0907
728 623 537 21.095
729 617 537 20
730 621 533 22.4722
731 617 535 19.105
732 617 529 18.2483
733 621 533 24.1868
734 619 531 20.8087
735 621 527 21.0238
736 613 529 19.105
737 617 525 22.0227
738 615 519 27.074
739 613 521 20.2485
740 607 523 22
741 605 519 22.2036
742 607 521 18.4391
743 599 515 20
744 605 513 18.1108
745 597 511 22.3607
746 597 513 18.4391
747 593 505 22.3607
748 591 501 22.4722
749 589 497 22.4722
750 587 495 22.8473
751 587 485 26.4764
752 585 489 20.2485
753 585 481 19.2354
754 585 479 19.3132
756 571 471 26.1725
757 573 471 22.1359
758 569 467 22.6274
759 565 463 22.0227
760 563 461 22.4722
761 557 461 19.3132
762 555 459 18.7883
763 555 453 22.4722
764 549 453 20.025
765 551 451 23.0217
766 547 447 23.3452
767 543 443 25.632
768 541 443 23.8537
769 541 447 25.0599
770 533 447 18.4391
771 535 443 23.3452
772 535 445 21.5407
773 529 449 27.2029
774 523 441 19.105
775 523 443 22.4722
776 519 443 23.6008
777 513 443 19.4165
778 513 443 24.1868
779 507 447 19.3132
780 505 443 19.2354
781 505 447 23.0868
782 501 445 23.7697
783 497 445 19.799
784 493 451 18.7883
785 493 451 20.6155
786 491 449 19.2354
787 493 451 22.3607
788 487 457 19.4165
789 489 463 19.105
790 487 459 23.3452
791 487 465 21.0238
792 483 467 21.0238
793 487 475 17.4642
794 479 475 19.6469
795 479 475 26.0768
796 481 481 22.8035
797 481 485 23.4307
798 479 491 22.6716
799 475 495 19.6977
800 479 497 22.0227
801 477 497 25.4951
802 477 503 22.4722
803 475 507 22.0907
804 475 507 24.2074
805 471 511 18.1108
806 471 515 23.4307
807 473 519 22.6716
808 473 517 23.0868
809 469 521 19.105
810 469 525 18.6815
811 471 525 21.095
812 471 529 21.587
813 471 525 19.799
814 471 531 19.9249
815 465 529 18.7883
816 465 527 22.2036
817 461 529 18.3848
818 459 527 18.9737
819 457 529 18.1108
820 455 523 19.8494
821 455 523 19.7231
822 447 517 14.0357
823 449 521 20.5183
824 449 515 18.2483
825 445 515 19.2354
826 441 513 20.2485
827 439 509 19.4165
828 433 509 15.5242
829 437 505 18.6011
830 437 507 13.6015
832 429 497 18.9737
833 425 495 18.3576
834 425 493 18.6815
835 423 491 18.7883
836 419 487 16.7631
837 419 485 18.3576
838 419 483 18.3576
839 417 481 18.3848
840 417 481 19.105
841 415 477 18.3576
842 415 475 18.0278
843 417 471 14.2127
845 417 467 13.4536
861 395 437 14.3178
862 395 439 12.2066
863 393 435 14.4222
864 397 435 18.2483
865 393 435 14.7648
866 389 433 13.6015
867 393 433 18.0278
868 387 431 13.6015
869 391 431 17.4642
870 387 431 14.2127
871 387 429 17.2627
872 385 425 17.0294
873 385 421 19.7231
874 381 423 14.3178
875 381 425 16.1245
876 381 423 17.0294
877 381 423 17.088
878 379 419 15.6205
879 381 421 17.2047
880 379 421 14.4222
881 377 417 14.0357
882 377 419 14.8661
883 379 417 15.5242
884 379 419 17.1172
885 379 419 15.1327
886 381 417 15.0333
887 381 415 14.5602
888 379 413 14.1421
889 379 415 15
890 383 415 14.3178
891 385 413 14.0357
892 381 413 14.2127
893 385 413 15.6205
894 387 415 12.6491
895 389 407 13
896 389 407 16.5529
897 391 407 14.8661
898 395 409 13
899 399 405 14.1421
900 401 403 14.1421
901 401 403 14
902 399 397 11.7047
903 405 399 14.2127
904 407 399 17.4929
905 405 395 12.2066
906 409 391 14.3178
907 413 389 14.3178
908 415 389 13.6015
909 415 389 12.53
910 417 385 14.3178
911 419 385 12.083
912 419 383 15.2971
913 417 379 13.8924
915 421 377 14.3178
916 421 375 14.7648
917 421 373 14.3178
918 423 373 15
919 425 367 18.0278
920 423 367 13.0384
921 425 369 13
922 425 365 14.3178
923 427 363 13.0384
924 427 363 14.8661
925 429 363 11.1803
926 429 361 12.2066
927 427 355 13.0384
928 429 355 14.1421
929 431 355 14.3178
930 431 353 13.6015
931 435 353 14.7648
932 439 351 10.2956
933 439 353 13
934 441 351 14.4222
935 443 351 13.0384
936 443 351 13.1529
937 447 351 12.53
938 449 349 13.8924
939 451 349 13.4164
940 455 349 12.6491
941 457 349 13.0384
942 461 349 13
943 467 349 10.2956
944 465 351 10.7703
945 469 347 13
946 473 347 12.0416
947 471 347 10.6301
948 479 347 12.2066
949 481 347 12.3693
950 481 345 10.0499
951 485 349 13.0384
952 487 347 12.2066
953 489 349 13.0384
954 493 349 13.4536
955 493 347 11.0454
956 497 349 13
