49 541 23 12.3693
50 545 27 9.84886
51 547 25 11.4018
52 547 25 10.7703
53 555 23 10.0499
54 553 25 10.6301
55 559 23 12.083
56 563 25 13.0384
57 563 27 10
58 571 23 10.7703
59 573 21 10.6301
60 577 25 12.3693
61 579 21 10
62 585 25 12.2066
63 587 23 11.0454
64 593 27 13.0384
65 599 25 10.4403
66 603 25 13
67 605 27 12.8062
68 609 27 12.8062
69 613 27 12.7279
70 617 27 12.7279
71 621 27 12.7279
72 625 27 12.7279
73 629 27 12
74 633 25 12.8062
75 635 27 12.8062
76 639 27 12.1655
77 643 29 12
78 645 25 10
79 651 31 10.4403
80 653 27 10.6301
81 659 31 10.6301
82 659 33 12.8062
83 663 33 12.1655
84 667 35 12.3693
85 671 37 12.2066
86 675 39 10.7703
88 681 41 11.6619
89 685 43 14.8661
90 689 45 10.0499
91 685 43 9.21954
92 693 45 13.4164
93 697 47 12.53
94 699 47 13.6015
95 705 49 11.7047
96 707 49 12.7279
98 713 53 14
99 719 57 13
100 723 59 12.8062
101 725 57 14.8661
102 727 59 14.1421
103 731 59 14.8661
104 737 59 10.198
105 735 61 11.7047
106 741 65 13.8924
107 747 69 11.0454
108 747 73 8.94427
109 755 71 11.4018
110 755 73 16.4012
111 763 73 13.4536
112 765 73 14.3178
114 775 75 13.9284
115 779 73 13.4536
116 785 77 10.8167
117 785 75 14
118 787 75 12.8062
119 791 75 13.0384
120 797 79 12.3693
121 799 77 13.9284
122 801 77 13.1529
123 807 81 12.3693
124 811 81 12.1655
125 815 83 10.2956
126 813 79 12.8062
128 817 79 10.8167
129 823 83 14.8661
130 827 85 11.4018
131 827 83 14.1421
132 831 85 10.8167
133 829 83 13.6015
135 835 81 10.4403
136 833 83 14.0357
137 835 83 13.4536
138 833 85 12.1655
139 837 87 11.4018
140 837 83 13.8924
141 837 85 13.8924
142 839 83 13.0384
143 841 81 10.6301
144 839 85 14.0357
145 843 87 11.4018
146 843 83 13
147 843 85 14.1421
148 845 85 14.1421
149 847 87 12.8062
150 847 85 14.1421
151 849 85 14.7648
152 847 85 13.6015
153 847 83 13.9284
154 847 83 13.6015
155 847 81 14
156 847 79 14
157 847 79 13.6015
158 847 77 13.4536
159 847 77 12.8062
160 845 75 13.1529
161 847 73 13
162 843 69 11.3137
163 847 69 14.8661
164 845 69 14.0357
165 843 67 11
166 845 63 14.3178
167 847 63 14.3178
168 845 63 12.1655
169 847 61 14.1421
170 849 61 12.083
171 849 61 11.1803
172 847 55 13.9284
173 849 57 12.083
174 849 55 12.53
175 845 53 15.2315
176 845 51 13.6015
177 845 49 14.8661
178 843 49 12.53
179 841 49 17.4642
180 843 45 14.3178
181 841 45 13.0384
182 839 47 17.4929
184 843 49 14.8661
185 841 45 13.6015
186 841 47 13.8924
187 843 53 13.6015
188 845 53 18.0278
189 841 55 13.4536
190 841 55 16.1245
191 847 57 18
192 841 59 17.0294
193 841 61 17.1172
194 843 63 16.1555
195 843 65 14.8661
196 845 67 17.72
197 845 69 13
198 843 71 14.3178
199 841 75 14.3178
200 839 77 15.6205
201 839 77 16.5529
202 837 79 13.8924
203 839 85 14.3178
204 839 85 14.4222
205 839 87 13
206 837 91 14.3178
207 833 93 16.1245
208 833 95 17
209 829 99 15.0333
210 831 101 14.4222
211 825 103 14.8661
212 823 105 14.2127
213 825 109 17.6918
214 823 109 16
215 821 113 16.4924
216 821 115 18.1108
217 819 119 17.2627
218 817 119 17.4642
219 817 121 17.72
220 815 123 17.088
221 815 123 16.7631
222 811 119 12.2066
223 813 127 16.5529
224 813 129 18.2483
225 811 129 17.72
226 809 131 18.2483
227 809 133 17.6918
228 807 135 17.0294
229 807 135 17.2627
230 805 137 17.4642
231 803 139 18.4391
232 803 141 17.6918
234 803 143 17.8045
235 801 143 17.2047
236 801 145 18
237 801 145 18.6815
238 799 147 17.2047
239 801 147 17.4642
240 801 145 18.0278
241 801 147 18
242 801 147 17.8045
243 801 149 17.72
244 803 149 18.868
245 801 149 17.8885
247 803 151 19.0263
248 799 147 13.6015
249 803 151 18.868
250 797 149 13.0384
251 801 151 17.4929
252 801 157 18.0278
253 803 155 18.868
254 803 155 18.3848
255 801 155 18.0278
256 801 159 18.7883
257 799 161 18.868
258 795 167 14.3178
259 797 165 18.9737
260 797 167 18.6011
261 799 163 15.6525
262 795 165 18.4391
263 793 167 18.2483
264 791 169 18.1108
265 791 173 17.0294
266 787 173 18.2483
267 789 173 14.7648
268 785 179 17.4642
269 779 175 17.6918
271 769 177 15.5242
272 769 187 18.3576
273 763 183 18.0278
274 761 181 17.8885
275 765 183 17.088
277 751 183 18.4391
278 747 183 18.4391
279 743 181 17.72
280 737 181 17.4642
281 733 179 18.3576
282 729 179 18.4391
283 723 179 18.3576
284 727 177 17.8885
286 707 177 18.3848
287 701 173 17.2627
288 705 175 18.4391
290 695 171 17.8885
292 675 171 17.72
293 671 179 17.0294
294 671 179 17.6918
295 665 179 18.3848
297 661 171 18.0278
299 653 171 16.4924
301 639 183 17.72
303 637 183 17.8045
304 643 175 14.7648
305 639 175 17
307 629 171 18.4391
308 633 169 17.0294
309 629 169 17.8885
310 635 173 18.2483
312 631 179 17.8045
314 627 169 19
316 629 173 18
318 631 171 17.4929
319 635 163 18.4391
321 631 165 17.8885
322 631 155 18.3848
324 627 157 17.6918
326 625 149 25.5539
327 617 147 22.4722
328 619 143 19.105
329 615 141 20.5183
330 615 137 17.2047
331 609 141 20.5183
332 605 137 22.0227
333 603 135 20.8087
334 601 131 21.1896
335 597 131 23.1948
336 601 129 18.6815
337 601 129 17.6918
338 593 127 18.7883
339 597 127 21
340 593 129 18.1108
341 595 125 19.4165
342 595 123 17.4929
343 591 123 20.5913
344 591 121 18.4391
345 587 117 18.3576
346 585 119 21.587
347 587 115 20.8087
348 585 115 19.2354
349 585 113 18.4391
350 583 111 18.868
351 581 109 19.105
352 581 109 16.7631
353 577 105 18.6815
354 575 103 18.9737
355 575 101 21.2603
356 571 101 20
357 567 97 20.5913
358 563 97 20.8087
359 561 95 20.2485
360 557 95 20.5183
361 553 95 20.1246
362 551 95 18.7883
363 551 93 17.4642
364 545 93 18.4391
365 543 93 18.3848
366 541 91 18.868
367 537 91 18.7883
368 537 87 16
369 531 89 19.2354
370 529 89 18.6011
371 527 87 17.8885
372 523 87 18.3576
373 517 87 18.6011
374 517 83 15.8114
375 509 87 19.2094
376 507 85 18.868
377 501 83 18.0278
378 501 83 18.0278
379 495 85 18.2483
380 491 87 18.6011
381 491 83 18.3576
382 487 83 18.4391
383 485 83 18
384 481 83 18.0278
385 475 83 19.2354
386 473 85 19.105
387 471 85 18.2483
388 469 81 16.0312
389 463 85 18.6011
390 461 85 18.9737
391 459 85 18.3848
392 455 87 18.868
393 453 87 18.0278
394 451 95 13
395 445 93 17.2047
396 443 95 16.4924
397 439 93 18.0278
398 433 95 18.2483
399 429 97 19.105
400 427 97 18.3576
401 419 99 18.3848
402 417 101 18.6011
403 413 103 18.2483
404 409 105 17.2047
406 399 111 17.4642
407 397 113 14.8661
408 389 119 14.4222
409 387 125 18.9737
410 383 125 16.0312
411 381 127 17.0294
412 377 133 14.1421
413 379 135 12.6491
414 373 135 14.0357
415 373 141 14.7648
416 369 145 14.2127
417 369 145 14.4222
418 367 149 14.3178
419 371 155 12.1655
420 371 155 18.1108
421 369 157 15.8114
422 367 159 14.8661
423 363 159 10.7703
424 365 163 15.2971
425 365 163 13.4164
426 369 163 16.2788
427 367 165 14.3178
428 369 165 16.2788
429 367 167 12.7279
430 367 167 12.2066
431 367 167 11.6619
432 365 165 14.8661
433 363 161 12.8062
434 367 167 10.4403
435 365 165 14.5602
436 367 163 17.2047
437 363 161 15.1327
438 361 161 14.0357
439 363 165 12
440 361 161 15.2315
441 361 163 15.2971
442 353 163 18.1108
443 361 163 17.4929
444 357 161 14.8661
445 357 161 12.6491
446 357 163 13.0384
447 353 165 13
448 353 163 14.5602
449 353 161 13.6015
450 351 163 14.0357
451 351 161 13.0384
453 347 163 15
454 349 163 12.2066
455 345 165 14.1421
456 341 161 11.6619
457 341 165 14.3178
458 343 165 17.0294
459 337 163 13.6015
460 333 163 14.4222
461 333 163 13.8924
462 329 167 11.4018
463 329 165 13.6015
464 329 163 14.3178
465 327 165 11.4018
466 321 159 11.0454
467 317 161 10
468 319 161 14.8661
469 321 163 10.8167
470 317 159 13.4164
471 311 157 18.7883
472 315 155 12.8062
473 313 157 12.6491
474 313 159 12.8062
475 313 157 12.8062
476 313 155 13.6015
477 305 155 18.3848
478 313 153 14.7648
479 311 153 13.3417
480 309 153 12.1655
481 309 153 12
482 309 149 13.0384
483 309 147 12.53
484 309 145 13.1529
485 309 141 12.8062
486 309 143 13.3417
487 309 139 13
488 307 139 11.6619
489 305 137 12.6491
490 305 135 13
491 307 129 10.4403
492 309 129 13.0384
493 305 129 12.6491
494 305 125 12.2066
495 307 125 11.3137
496 307 125 10.4403
497 309 119 10.2956
498 307 119 12.3693
499 309 119 10.7703
500 309 117 10.198
501 309 111 12.8062
502 313 109 12.7279
503 313 109 10.2956
504 315 103 12.6491
505 315 99 11.0454
506 313 99 9.21954
507 317 93 12.1655
508 319 91 11.6619
509 319 89 10.6301
510 321 85 11.1803
511 323 83 10.4403
512 323 79 10.0499
513 327 75 10.7703
514 329 73 12.1655
515 329 71 10.6301
516 331 71 10.0499
517 331 67 11.0454
518 331 67 10.6301
519 333 65 10.8167
520 333 65 11.1803
521 335 65 10.4403
522 335 65 10.4403
523 335 65 11
524 335 67 10.198
525 335 67 10.198
526 333 69 9.21954
527 335 67 11.1803
528 335 69 10.2956
530 331 69 12.083
531 331 69 10.0499
532 331 71 11.4018
533 329 73 10.6301
534 329 77 10
535 329 77 10.6301
536 329 79 10
537 327 81 10.2956
538 325 81 10.6301
539 325 81 12
540 325 85 10.7703
542 323 85 13
543 321 87 13.4536
544 317 91 11.0454
545 317 95 13.3417
546 317 97 12.7279
547 315 99 12.3693
548 315 101 13.0384
549 313 105 12.083
550 311 109 12.53
551 307 107 10.0499
553 307 113 10.4403
554 307 117 12.53
555 305 125 10.6301
556 303 125 13.8924
557 305 129 13.3417
558 305 131 13.4536
559 303 133 12.1655
560 303 135 12.0416
561 303 141 9.21954
562 307 139 10.8167
563 307 143 13.4536
564 309 147 10.8167
565 309 149 13.4164
566 309 151 13.0384
567 309 153 14
568 311 157 13.0384
569 311 159 13.0384
570 311 163 13.0384
571 315 161 13.6015
572 315 167 11
573 313 167 14.3178
574 313 173 16.2788
585 325 203 18.1108
586 335 203 10
587 333 205 13.4164
588 335 207 13.4536
589 337 211 12.8062
590 339 211 13.4536
591 341 215 12.8062
592 345 217 13.4536
593 347 219 12.1655
594 349 221 13.1529
595 351 223 13.0384
596 355 227 11.4018
597 359 227 10.4403
598 357 229 14.0357
599 361 229 14.1421
600 365 235 9.8995
601 365 231 14.1421
603 367 235 13.3417
604 369 237 12.53
605 369 239 11.4018
606 373 239 10.6301
607 371 239 12.083
608 373 239 12.8062
609 373 239 12.8062
610 373 239 12.6491
611 373 239 12.53
612 373 239 13.0384
613 371 239 12.53
614 373 241 10.0499
615 369 239 12.2066
617 365 239 13
619 363 241 10.6301
620 363 237 12.8062
621 361 237 12.8062
622 359 237 11.7047
624 357 237 10.6301
625 355 237 12.8062
626 353 237 13
627 349 239 10.6301
628 347 239 10.7703
630 343 239 10.6301
631 339 237 11.0454
632 337 235 10.6301
633 335 235 10.6301
635 331 237 11.7047
636 327 237 12.1655
637 325 235 13
638 323 237 11.0454
639 321 235 10.6301
640 315 235 12.2066
641 313 235 12.8062
642 311 233 11.6619
643 309 233 10.6301
644 303 231 12.3693
645 303 233 10
647 297 231 11.1803
648 295 229 13
649 291 231 10.6301
650 289 231 10.6301
651 287 231 10.4403
652 285 231 10.2956
653 285 229 9.48683
654 281 231 10.198
655 279 229 11.0454
656 277 231 10
657 273 227 12.53
658 277 229 8.60233
660 271 229 10.2956
661 263 223 18.0278
662 265 231 8.94427
663 263 229 10.7703
665 257 229 10.4403
666 257 229 10.198
669 253 215 14.3178
670 249 223 17.2047
672 245 215 16.0312
673 249 219 10.0499
675 235 221 18.0278
676 243 221 12.0416
678 225 227 13.4536
679 221 223 15.2315
680 215 227 11.1803
681 213 227 11.1803
682 213 229 10.7703
683 207 227 14.7648
684 207 227 10.8167
685 203 229 12.53
686 203 227 10.4403
687 201 227 10.4403
688 201 231 10.198
690 187 219 18.7883
692 189 229 17.2047
693 195 231 11.1803
695 191 233 10.4403
714 179 243 9.21954
717 177 241 10.4403
718 179 243 10.4403
719 177 241 10.4403
720 177 241 13.4164
721 177 243 11
722 179 243 11.6619
723 179 243 11.6619
724 177 243 10.2956
726 181 245 10.4403
727 179 245 10.7703
728 179 245 10.4403
729 179 245 10.2956
730 181 245 10.7703
731 181 245 10
732 183 245 10.8167
733 183 245 10.7703
735 187 245 9.84886
736 185 243 12.2066
737 187 243 10.6301
738 183 237 17.0294
740 187 237 12.0416
742 189 233 14.4222
743 189 237 10.198
744 191 231 9.21954
746 185 227 16.7631
747 191 231 9.8995
749 185 227 16.2788
750 189 221 12.1655
751 185 227 15.5242
753 183 233 10
756 191 207 10.198
757 191 205 10.4403
758 191 207 9.84886
759 191 201 10
760 187 201 15
761 191 199 12.53
762 193 199 10.2956
763 193 197 10.8167
764 193 195 12.2066
765 195 195 10.2956
766 195 193 10.6301
767 195 191 11.1803
768 195 191 10.7703
769 195 189 10.2956
770 195 189 12.0416
771 197 189 11.1803
772 197 187 10.198
773 197 189 10.8167
774 197 189 10.6301
775 197 187 12.083
776 199 185 10
777 199 187 12.083
778 201 187 10.8167
779 201 185 12.6491
780 203 185 10.198
781 203 185 10.0499
782 205 187 11
783 205 187 10.2956
784 205 187 10
785 207 187 10.6301
786 207 187 10.0499
787 211 189 9.21954
788 211 189 12.0416
789 211 191 10.2956
790 211 191 10.6301
791 211 193 10.2956
792 211 193 10.198
793 209 197 8.94427
794 211 197 10.4403
795 209 199 9.21954
796 211 199 11.6619
797 211 201 11.0454
798 211 201 11.7047
799 213 205 12.0416
800 211 205 10.7703
801 211 207 10.7703
802 211 209 11.0454
803 211 209 10.7703
804 213 213 10.198
805 213 211 11.7047
807 213 215 10.6301
808 215 217 10.198
809 217 217 12.0416
810 215 217 10.2956
811 215 219 9.48683
812 221 219 13.4164
813 221 223 12.0416
814 223 221 13.0384
815 223 223 10.7703
817 225 225 9.21954
