24 561 705 25.318
25 565 701 30.0167
26 565 695 27.8568
27 565 691 28.6007
28 565 691 24.6982
29 563 683 28.8617
30 557 673 25
31 561 671 31.3847
32 559 671 28.4605
33 557 667 28.7924
34 561 663 28.1603
35 555 661 34.4093
36 557 659 28.4253
37 545 659 27.7308
38 553 657 26.9072
39 543 655 31.7805
40 535 655 34
41 531 651 33.541
42 523 655 33.6155
43 511 655 31.9531
44 511 655 30.0666
45 501 657 31.6228
46 489 661 30.4138
47 477 659 34.7131
48 467 657 33.3017
49 455 657 32.311
50 445 663 37.0135
51 435 663 36.6742
52 427 659 31.0483
53 411 661 34.6699
54 399 659 32.6497
55 387 665 33.541
56 375 665 29.7321
57 363 663 36.0555
58 351 663 36.6742
59 343 661 34.8281
60 331 663 34.5254
61 317 665 36.4966
62 303 663 36.2215
63 293 665 35
64 281 667 34.4819
65 269 665 35
66 257 667 36.0139
67 245 667 34.9857
68 235 667 34.2053
69 219 665 33.0606
70 209 669 31.4006
71 199 663 36.3456
72 187 665 35.4401
73 175 667 35.3553
74 165 667 35.2278
75 153 669 36.7151
76 143 669 36.6742
77 131 667 35.2278
78 125 671 34.9857
79 105 671 34.7131
80 93 669 31.6228
81 87 669 36.7967
83 57 681 34.0588
391 39 489 23.6008
392 35 491 23.0217
393 39 491 24.4131
394 35 491 23.4094
395 37 493 20.0998
396 35 495 18.3848
397 31 487 22.3607
398 29 487 24.0416
399 33 483 18.0278
400 23 479 22.8035
401 23 477 23
402 19 473 23.7697
403 15 473 26.0192
404 21 467 19.2354
405 15 455 18.4391
406 15 453 24
407 13 447 20.025
408 7 447 25.0799
409 11 435 20
410 9 431 22.561
411 7 427 22.8473
412 9 421 20.8087
413 7 417 20.5183
415 11 405 18.4391
416 7 397 23.3452
417 3 389 26.6833
418 3 385 29.1548
419 11 385 22.3607
420 13 383 21.0238
421 15 379 22.561
422 13 377 23.7697
423 17 365 20
424 21 369 23.3452
425 21 363 22.3607
426 23 361 22.8035
427 29 361 26.5707
428 33 359 26.9072
429 35 361 23.0868
430 41 361 21.5407
431 47 355 25.7099
432 55 355 25.4951
433 59 351 27
434 67 347 24.0832
435 77 353 23.0868
436 85 349 28.1603
437 93 347 26.0768
438 105 341 24.8395
439 115 343 26.1725
440 127 335 19.4165
441 135 343 26.0768
442 143 343 24.8395
443 151 339 24.0832
444 167 345 21.2603
445 177 335 29.5296
446 187 335 28.0713
447 197 335 26.8701
448 211 337 27.4591
449 221 337 28.0179
450 229 341 30.5941
451 235 333 25.4951
453 265 337 28.0179
454 275 337 28.2843
455 285 335 27.6586
456 291 337 28.3196
457 299 337 27.6586
458 309 337 28.4253
459 319 345 18.7883
460 325 335 27.0185
461 331 333 27.8029
462 335 335 28.4429
463 341 333 28.0713
464 347 335 26.0768
465 349 333 27.7308
466 355 335 28.1603
467 355 335 28.0713
468 359 335 28.3019
469 363 341 21.9317
470 367 335 27.5136
471 369 337 28.1603
472 371 339 29.4279
473 377 339 28.178
474 381 339 28.178
475 389 343 25.1794
476 387 337 31.1448
477 391 341 28.3019
478 395 343 32
479 403 341 26.9258
480 407 341 28.8617
481 411 345 30.6105
482 419 347 29.4279
483 417 347 24
484 421 345 31.1448
485 433 339 28.2843
486 431 337 29.1548
487 437 335 28.8444
488 441 335 29.0172
489 439 335 27.6586
490 441 339 31.8277
491 443 333 29.1204
492 447 335 29.0689
493 445 335 29.1548
494 447 337 28.0179
495 447 337 28.0713
496 447 337 26.4008
497 443 341 29.1204
498 441 341 28.8444
499 441 341 30
500 439 347 26.0768
501 437 345 29.7321
502 435 347 28.2843
503 427 353 32.9848
504 427 357 32.2025
505 433 357 27.2947
506 427 361 29.1204
507 425 363 28.8617
508 425 371 32.2025
509 421 373 29.1548
510 419 377 29.6816
511 417 383 29.5296
512 419 391 24.0832
513 413 393 29.8329
514 413 397 26.8701
515 417 403 20.6155
516 415 405 20.6155
517 407 401 28.4253
518 407 405 26
519 403 409 22.8035
520 403 407 32.7567
521 395 403 26.9258
522 397 403 29.1204
523 391 407 24.2074
524 393 403 28.4429
525 389 403 28.1603
526 385 407 22.8473
527 383 403 28.6356
528 383 401 27.8927
529 379 405 24
530 381 399 26.9258
531 383 401 29.1548
532 377 399 28.4429
533 375 399 27.8029
534 371 401 28.6356
535 371 399 27.7849
536 369 399 28.2312
537 367 399 28.4253
538 369 401 27.4591
539 363 401 28.178
540 361 403 28.6007
541 361 403 28.1603
542 361 405 28.6356
543 363 405 27.6586
544 361 411 22.8035
545 369 411 19.2094
546 361 405 28.2312
547 367 405 31.9061
548 365 399 28.1603
549 365 399 28
550 367 397 28.4605
551 369 395 28.6356
552 369 393 27.313
553 373 393 27.7849
554 375 391 29.4109
555 371 391 23.6008
556 377 387 28.6356
557 377 385 27.5862
558 381 381 30.6757
559 379 383 29.1548
560 379 383 29.1548
561 379 381 30.0832
562 375 385 29.4109
563 369 381 23.0217
564 373 381 29.1548
565 375 377 24.6982
566 365 379 28.2843
567 367 377 28.178
568 363 377 27.0185
569 357 375 29.4279
570 355 373 29
571 351 375 30.4631
572 347 375 23.7697
573 347 367 29.1204
574 345 363 29.5466
575 347 359 26.6833
576 343 353 29.7321
577 341 341 25.7099
578 339 335 34.8281
579 339 331 24.5967
580 345 325 28.1603
581 345 319 27.8927
582 341 305 22.1359
583 349 299 27.1662
584 357 297 27.2029
585 357 289 25.7099
586 357 281 26.4008
587 361 277 23.3238
588 365 269 26.3059
589 369 259 27.5862
590 369 249 27.5136
591 371 249 26.8328
592 375 241 26.0768
593 381 237 22.8035
594 383 229 27.5862
595 391 219 22.6716
596 391 217 27.2029
597 401 211 21.0238
598 401 211 19.2094
599 405 197 26.6271
600 411 195 22.8035
601 409 195 25.0799
602 413 193 20.8806
603 419 189 22.6274
604 423 187 22.4722
605 425 187 20.5183
606 429 185 20.0998
607 433 175 27.7849
608 435 183 29.1548
609 439 179 22.8035
610 445 181 20
611 451 179 25.0799
612 459 177 21.095
613 455 179 22.3607
614 467 175 20.3961
615 469 181 20.5183
616 479 175 17.4642
617 481 177 19.9249
618 483 181 23.7697
619 487 175 18.3848
620 497 181 19.2354
621 497 181 23.3452
622 493 183 28.4429
623 503 185 21.4709
624 501 181 19.799
625 505 181 21.587
626 511 185 22.4722
627 515 183 21.0238
628 515 181 25.2389
629 515 189 19.0263
630 523 183 18.6011
631 521 189 22.0907
632 527 185 19.4165
633 533 191 17.088
634 531 189 21.095
635 525 191 17.4642
636 531 187 26.1725
637 531 193 18.7883
638 535 195 21.4709
639 539 193 22.2036
640 539 191 19.4165
641 545 189 20
642 545 191 22.2036
643 547 189 19.4165
644 553 185 18.0278
645 555 189 20
646 563 187 22.8035
647 565 189 20.8806
648 571 187 22.8035
649 573 183 17.8885
650 577 187 20
651 579 185 21.095
652 583 185 21.095
653 591 185 19.6469
654 591 187 19.6469
655 599 187 18.4391
656 603 187 20.8087
657 605 189 21.0238
658 611 189 20.6155
659 617 189 21.4709
660 615 189 21.9317
661 623 189 20.6155
662 625 189 19.2094
663 627 187 18.0278
664 633 191 18.3848
665 633 187 19.4165
666 637 189 19.9249
667 643 189 20.025
668 645 187 18.6011
669 649 187 18.868
670 653 183 15.6205
671 659 187 17.2047
672 661 187 18.3848
673 665 187 17.2047
674 665 187 18.3848
675 669 187 18.6011
676 671 187 18.3848
677 675 187 18.3848
678 677 187 18.0278
679 679 189 17.2627
680 683 189 18.0278
681 687 189 18.0278
682 689 189 17.8885
683 693 189 18.1108
684 695 191 17.6918
685 697 189 17.1172
686 701 189 18.7883
687 703 189 18.868
688 705 191 17.4642
689 705 191 18.0278
690 707 191 18.1108
691 707 191 17.72
692 709 191 17.6918
693 711 191 18.3848
694 711 193 16.9706
695 711 193 18.1108
696 713 191 16.5529
697 715 191 15.1327
698 713 193 18.0278
699 713 193 17.72
700 713 193 17.2627
701 713 193 17.0294
702 715 193 17
703 717 193 17.0294
704 713 197 16.6433
705 717 197 16.0312
706 715 197 17.6918
707 717 197 16.4924
708 717 199 17.8045
709 719 197 14.3178
710 717 203 19.105
711 721 201 13.6015
712 719 201 19.2354
713 713 201 14.3178
714 713 201 14.3178
715 719 199 15.2643
716 717 201 18.0278
717 717 201 18
718 715 203 16.0312
719 715 203 19.0263
720 715 201 16.5529
721 715 199 15.1327
722 711 201 17.6918
723 709 201 18.0278
724 709 201 17.088
725 707 201 18.2483
726 707 201 17.8885
727 703 197 16.4012
728 705 199 18.4391
729 703 199 17.0294
730 701 199 17.6918
731 701 197 18.6815
732 699 199 17.2047
734 701 199 18.3848
735 701 197 18
736 703 197 17.4929
737 703 197 18.4391
738 707 195 18.6011
739 707 195 17.6918
740 711 195 17.4929
741 711 193 18.7883
742 715 191 17.6918
743 719 187 18.0278
745 721 185 17.72
746 723 183 17.4929
747 725 179 18.0278
748 727 177 18.0278
749 729 173 17.8885
750 733 169 18.7883
751 735 165 19.105
752 735 161 17.8885
753 737 159 18.0278
754 741 157 18.0278
755 743 153 18.0278
756 745 151 18.0278
757 749 149 19.105
758 751 145 18.0278
759 753 143 18.2483
760 757 141 18.0278
761 757 139 17.4642
762 763 135 16.2788
763 763 135 18.2483
764 767 135 18.0278
765 769 133 18.1108
766 773 131 18.4391
767 775 129 18.3576
768 779 129 18.3848
769 781 129 18.7883
770 783 127 17.2627
771 787 129 18.3848
772 791 129 18.6815
773 795 129 17.8885
774 797 129 18.3848
775 799 131 18
776 801 131 19.105
777 805 133 16.2788
778 805 129 20.025
779 807 133 20.025
780 807 131 20.2237
781 809 135 18.0278
782 809 133 18.1108
783 811 137 18.0278
784 813 139 16.5529
785 811 141 19.2354
786 815 141 18.4391
787 815 141 19.0263
788 815 145 17.4642
789 815 139 13.6015
790 821 145 22.3607
791 819 151 19.2354
792 819 153 18.4391
793 819 155 18.0278
794 819 159 18.4391
795 821 163 18.0278
796 821 165 19.0263
797 821 169 18.3576
798 823 173 18.1108
799 823 177 18.1108
800 825 179 18.0278
801 825 183 18.3848
802 825 185 18.7883
803 827 189 18.3848
804 827 191 18.6815
805 827 195 18.2483
806 827 195 18.0278
807 829 201 18.0278
808 829 203 18.4391
809 829 207 16.9706
810 829 207 18.3576
811 831 211 18.6011
812 831 211 18.0278
813 831 217 19.3132
814 833 217 19.2354
815 833 217 18.0278
816 837 221 18.0278
817 837 221 18.7883
818 839 223 18.4391
819 845 227 13.4536
820 839 223 19.105
821 841 223 19.6469
822 845 225 18.3848
823 841 221 17
824 847 223 19.2354
825 847 221 19.7231
826 849 225 18.868
827 851 221 18.9737
828 853 221 19.105
829 851 221 21.2132
830 855 219 18.4391
831 857 219 18.6815
832 853 217 19.105
833 857 215 19.7231
834 859 217 21.1896
835 861 215 22.0227
836 863 215 22.4722
837 865 217 18.4391
838 865 215 21.1896
839 867 217 19
840 871 215 16.5529
841 869 215 19.8494
842 871 215 18.7883
843 873 215 19.0263
844 873 217 16.4012
845 871 215 19.8494
846 873 213 18.3848
847 867 209 19.3132
848 875 209 16.6433
849 871 207 20.6155
850 867 203 20
851 865 201 18.0278
852 875 201 17.8885
853 875 199 18.4391
854 867 195 17.72
855 875 199 20.2485
856 873 201 24.0208
857 877 197 19.2354
858 879 197 18.9737
859 875 195 22.3607
860 871 193 18.6815
861 877 193 23.2594
862 881 195 18.4391
863 881 197 18.4391
864 875 195 20.2485
865 877 195 23.3452
866 877 197 25
867 885 195 18.3848
868 885 195 19.105
869 885 197 21.4709
870 883 193 23.0217
871 889 195 18.2483
872 889 195 18.868
873 883 189 20
874 887 191 23.3238
875 891 195 18.1108
876 887 191 23.4307
877 887 191 22.0227
878 887 191 22.6716
879 893 191 18.2483
880 885 187 20.6155
881 889 189 24.0416
882 887 191 24
883 885 191 23.8537
884 887 193 21.0238
885 885 193 22.4722
886 883 191 22.8254
887 881 191 22.8035
888 883 193 18.7883
889 875 191 23.8537
890 877 191 21.095
891 871 191 22.8254
892 865 193 27.5862
893 867 191 20.6155
894 857 191 27.313
895 857 187 24.1661
896 853 187 22.6274
897 847 189 21.4009
898 845 183 26.8328
899 839 185 20.8806
900 835 187 18.4391
901 831 181 21.6333
902 825 181 21.095
903 815 177 22.8254
904 815 179 22.6716
905 809 183 18.7883
906 805 177 23.0217
907 795 177 25
908 795 173 23.0868
909 787 171 23.3452
910 789 171 22.1359
911 779 169 23.3452
912 771 169 20
913 775 165 27.313
914 773 167 23.1948
915 763 165 23.6008
916 767 167 21.1896
917 757 165 28.0179
918 761 163 21.095
919 753 165 24.0832
920 747 161 27.4591
921 747 161 30.8058
922 741 157 26.6271
923 737 155 28.0179
924 735 157 31.3209
925 729 151 28.3196
926 727 145 24.0832
927 723 149 27.2947
928 717 147 27.2029
929 713 147 28.4253
930 709 145 27.313
931 703 143 28.0713
932 699 143 27.8927
933 693 143 28.8617
934 687 143 29.4279
935 683 141 28.1603
936 677 143 28.1603
937 671 143 27.2947
938 663 143 29.0689
939 653 147 29.7321
940 645 145 29.1548
941 637 149 28.8444
942 627 147 28.3196
943 613 151 32.7567
944 607 149 27.8927
945 597 151 31.1448
946 591 151 28.2843
947 579 151 30.0167
948 569 151 25.318
949 557 157 27.313
950 547 161 27.2947
951 539 163 28.3196
952 529 167 28.0713
953 521 169 29.7321
954 511 171 30.4138
955 499 177 27.1662
956 491 179 27.6586
957 485 183 31.1448
958 475 189 31.0483
959 465 189 28.0179
960 457 193 28.3019
961 449 193 26.6271
962 441 199 28.8444
963 437 205 34.3657
964 425 203 29.2062
965 417 205 29.5296
966 411 209 32.1403
967 405 209 33.2866
968 395 209 32.249
969 387 205 29.6816
970 381 207 31.0161
971 375 205 35.4683
972 369 201 31.8277
973 363 199 33.2415
974 357 199 35.5106
975 353 195 34.0588
976 347 189 35.8469
977 343 185 34.5254
978 337 175 33.8378
979 337 173 32.2025
980 329 165 33.9559
981 325 159 34.0147
982 319 155 36.3593
983 315 151 36.0139
984 311 143 35.0571
985 305 137 34.5398
986 303 133 35.3553
987 299 129 33.6155
988 293 125 31.7805
989 285 117 34.4819
990 279 113 34.5254
991 271 111 35.9026
992 263 107 36.0139
993 257 103 35.3553
994 249 101 33.4216
995 243 97 35
996 235 95 36.0694
997 229 93 34.6699
998 223 91 35
999 213 93 33.0151
1000 205 87 33.3017
1001 195 89 35.6931
1002 187 87 35.3553
1003 181 89 32
1004 171 85 33.2415
1005 163 87 35
1006 149 83 35
1007 143 87 34.7851
1008 129 87 31.4006
1009 125 89 36.3456
1010 117 89 36.4966
1011 103 85 34.9857
1012 93 91 34.2053
1013 85 93 36.6742
1014 71 93 34.7131
1015 61 97 34
1016 49 95 34.1321
1017 41 97 30.8707
1018 29 99 30.0167
